5118
0 1 650.691
1 0 650.712
1 2 721.791
2 1 721.812
2 3 275.782
2 4 2429.21
3 2 275.786
3 4 2174.63
4 3 2174.83
4 7 272.663
6 10 82.8556
7 4 272.664
7 8 646.1
8 4 918.699
8 7 646.1
8 9 16.8724
8 142 8853.56
9 8 16.8724
10 6 82.8555
10 13 5556.66
10 118 7800.6
10 468 13351.5
11 9 1250.74
12 13 512.098
12 130 3380.62
13 4 7455.75
13 12 512.098
14 15 148.051
14 18 3764.71
15 14 148.051
15 25 496.791
16 17 347.695
16 18 1607.06
16 87 1373.71
16 100 900.66
16 101 922.11
17 16 347.691
17 18 1397.38
18 14 3765.43
18 16 1607.01
18 17 1397.38
19 31 1064.98
20 21 92.1472
21 22 248.679
22 23 101.078
23 24 193.272
24 11 2466.04
24 19 511.748
25 15 496.794
25 26 470.056
26 25 470.06
27 28 727.653
28 12 1913.11
28 27 727.653
28 29 446.26
28 52 57.1272
29 28 446.26
29 30 1044.53
29 45 3433.69
29 57 852.58
30 32 46.8657
30 57 333.463
31 10 3185.62
31 19 1064.98
31 91 5734.09
32 30 46.8657
32 56 457.832
33 20 3829.3
34 35 2582.78
36 37 688.184
37 36 688.187
37 38 2468.14
38 37 2468.29
38 61 442.663
39 40 832.773
40 41 274.313
41 120 54.7483
42 43 199.817
42 44 258.592
42 46 211.835
42 59 361.947
42 60 430.088
42 70 267.203
43 42 199.815
43 44 59.3932
43 59 480.658
44 43 59.393
44 47 348.527
45 109 182.136
46 42 211.835
46 44 218.871
46 59 572.159
46 70 56.1355
47 44 348.527
47 255 2703.62
47 995 7701.51
48 77 620.839
48 365 3753.72
49 48 18.1687
50 67 203.978
51 50 28.5718
51 53 1927.65
51 55 960.506
52 28 57.1272
52 29 450.978
52 123 602.243
53 51 1927.65
53 54 14.0665
53 55 967.147
54 53 14.0665
54 56 337.384
54 58 67.4501
55 51 960.506
55 53 967.147
56 32 457.832
56 58 269.934
57 29 852.613
57 30 333.463
58 54 67.4501
58 56 269.934
59 42 361.947
59 43 480.66
59 46 572.159
59 60 195.16
59 193 1917.6
60 42 430.091
60 59 195.161
61 62 60.3741
62 63 534.405
63 64 384.977
64 75 143.793
65 39 49.4808
65 72 117.117
66 46 133.145
66 65 107.025
66 70 77.5399
66 72 113.626
67 50 203.978
67 51 204.578
67 55 1164.35
67 69 20.554
68 69 117.27
68 72 103.508
69 67 20.554
69 68 117.27
70 46 56.1355
70 65 158.066
70 66 77.5399
71 70 1525.79
72 66 113.626
72 68 103.508
73 33 139.758
74 145 1640.98
74 166 8484.35
75 78 296.62
76 73 66.3929
77 88 52.5435
78 79 1387.2
79 94 419.459
80 82 340.26
81 49 433.805
82 81 351.561
83 84 349.124
84 85 260.134
84 140 409.384
85 86 267.434
85 97 246.804
86 76 95.2981
87 80 479.072
87 114 152.117
88 89 347.646
89 96 693.534
90 10 7785.14
90 102 173.395
90 105 1084.06
90 197 13838
91 95 144.294
91 103 1591.44
92 93 433.255
94 144 104.976
95 91 144.294
95 102 419.885
96 27 1923.72
96 115 66.2803
97 124 16.2998
98 16 988.898
98 101 298.076
98 128 2874.84
99 16 1147.22
99 129 115.139
99 146 404.728
100 113 733.308
100 129 407.837
101 143 281.116
102 90 173.395
102 95 419.885
103 91 1591.45
103 104 363.018
104 103 363.019
104 151 392.638
105 90 1084.06
105 107 548.404
106 107 35.9354
107 27 83.4919
107 105 548.404
107 106 35.9354
108 71 230.16
109 108 315.156
110 86 468.712
110 116 364.794
110 137 53.6712
111 112 1044.33
112 117 619.614
113 100 733.308
113 114 168.971
114 113 168.971
114 115 3235.04
115 114 3235.04
115 116 23.597
116 110 364.794
116 115 23.597
117 118 81.8518
118 117 81.8518
118 119 1170.48
119 118 1170.48
119 121 545.847
120 134 444.215
121 119 545.847
121 122 38.016
122 121 38.016
122 133 595.049
123 52 602.243
123 121 199.462
123 468 5243.14
124 125 152.049
125 106 618.693
126 127 30.707
126 140 328.32
127 98 3943.49
127 128 1071.06
127 130 81.8066
128 98 2874.84
129 99 115.14
129 100 407.832
130 131 98.5098
131 132 562.177
132 263 3934.44
133 122 595.048
133 141 109.646
134 135 314.689
135 111 497.442
136 97 478.7
137 110 53.6712
137 136 41.3225
138 135 356.292
139 140 92.6425
139 142 87.7929
140 126 328.32
140 139 92.6425
141 133 109.646
141 142 519.223
142 139 87.7929
142 141 519.223
143 150 508.518
144 145 772.532
145 184 1627.06
146 99 404.72
146 173 1816.69
147 148 476.172
148 149 1651.2
149 34 4405.94
150 174 1457.15
151 104 392.64
151 255 2135.26
151 995 7694.99
152 138 397.219
153 161 98.6312
153 202 546.477
154 155 173.847
155 152 687.69
156 92 556.507
156 154 432.325
156 255 1742.94
157 179 514.257
158 19 12307.5
158 183 141.059
159 160 7.15052
159 208 255.871
159 216 116.452
159 235 255.936
160 159 7.15052
160 216 113.354
161 153 98.631
161 203 81.1194
162 619 1204.98
162 622 298.209
162 661 554.26
163 164 307.682
164 165 45.959
165 87 1830.97
166 710 330.341
167 168 626.373
167 169 683.907
167 201 320.555
168 167 626.382
168 169 77.4833
168 286 429.231
169 168 77.4834
170 171 317.678
170 328 162.746
171 170 317.678
171 172 215.753
172 171 215.753
172 173 326.259
173 146 1816.53
173 172 326.26
173 257 98.6985
174 175 520.22
174 217 232.661
175 176 308.254
176 177 393.015
177 329 176.982
178 363 235.73
178 378 16.3723
178 379 12.7753
178 432 1567.01
179 163 55.5255
180 156 1106.5
181 182 252.152
181 193 256.398
182 255 2038.63
183 158 141.059
183 207 171.67
184 185 474.488
185 259 64.4569
186 180 757.029
187 188 583.668
187 216 144.516
187 237 170.23
188 189 495.796
188 210 212.772
189 190 112.39
190 191 765.929
191 192 79.1972
192 193 255.1
193 181 256.398
194 186 1616.84
195 202 301.583
196 39 10392.9
196 195 2220.69
196 197 141.024
197 196 141.025
197 198 119.138
198 197 119.139
198 199 66.6529
199 198 66.653
199 200 270.905
200 199 270.907
200 201 161.736
201 167 320.551
201 200 161.737
202 153 546.483
202 195 301.581
203 161 81.1191
203 204 95.281
204 203 95.2806
204 205 117.507
204 206 193.385
205 204 117.506
205 206 75.8784
206 205 75.8782
207 183 171.67
207 211 442.368
208 159 255.871
208 206 2306.77
208 235 8.55629
209 210 203.042
209 238 147.935
210 188 212.771
210 209 203.042
211 207 442.368
211 212 551.151
212 211 551.151
212 234 332.567
213 214 18.3229
213 222 59.3631
213 223 213.936
213 278 598.998
213 302 93.4987
213 303 90.7129
214 213 18.3229
214 215 785.493
214 221 59.2038
214 222 60.9216
214 302 91.428
215 157 441.617
216 159 116.452
216 187 144.517
217 218 278.264
218 219 60.651
219 220 28.8491
220 221 393.847
220 222 406.524
221 214 59.2038
221 222 12.7622
221 289 1034.42
222 213 59.3631
222 221 12.7622
222 223 208.499
222 303 150.009
223 222 208.499
223 224 17.9231
223 225 105.134
224 222 226.422
224 223 17.9231
224 225 87.2124
225 224 87.2123
225 226 14.8787
225 329 64.3226
226 225 14.8787
226 227 103.976
226 329 49.8917
227 226 103.976
227 228 11.3179
228 227 11.3179
228 229 115.049
229 227 126.367
229 228 115.049
229 230 118.876
229 231 135.424
229 330 72.5045
230 229 118.876
230 231 16.5475
230 330 189.721
230 344 146.195
231 229 135.423
231 230 16.5475
231 232 208.962
231 233 229.682
231 344 136.089
232 231 208.962
232 233 20.7255
232 307 138.55
232 309 60.8227
232 344 172.014
232 415 109.871
232 470 109.421
232 489 166.008
233 232 20.7255
233 308 59.0005
233 455 753.812
233 487 156.694
233 488 129.271
233 489 145.285
233 501 301.654
234 212 332.568
234 248 1128.71
235 160 255.724
235 208 8.55629
236 208 265.327
236 235 265.202
237 187 170.229
237 243 96.1172
238 209 147.935
238 244 135.76
239 194 66.1479
240 241 334.213
241 242 552.817
242 187 284.321
242 239 257.492
243 237 96.1169
243 244 24.2059
244 237 119.427
244 238 135.76
244 243 24.2059
245 262 304.043
245 321 125.909
246 247 17.7091
246 252 379.581
247 246 17.7091
248 249 110.79
249 248 110.791
249 250 298.244
250 249 298.246
250 251 29.9862
251 250 29.9862
251 256 186.121
252 246 379.579
252 253 69.4836
253 252 69.4836
253 254 273.856
254 253 273.856
254 295 318.064
254 297 699.639
255 995 5804.8
255 1042 4660.38
256 175 298.42
256 251 186.121
256 257 400.207
257 215 43.8512
258 292 2484.26
258 304 1642.11
258 555 2238.26
259 265 574.07
260 261 66.1082
260 346 169.815
261 83 2234.6
261 260 66.1082
262 245 304.044
262 263 26.1395
262 284 40.6376
263 262 26.1395
263 283 39.7093
263 284 54.9004
263 294 300.052
264 147 64.4299
265 266 2523.96
266 267 165.442
267 268 1104.12
268 166 346.433
268 970 3562.12
269 270 842.413
270 271 375.043
271 272 681.875
272 273 247.034
273 266 203.427
273 274 2241.23
274 148 1192.18
274 264 651.586
275 287 458.079
276 293 188.825
276 296 76.2133
277 296 138.588
277 302 506.846
278 277 21.6344
278 296 137.305
278 302 507.071
278 303 508.417
279 260 162.335
279 280 872.812
280 275 52.7416
280 281 2055.85
280 364 1458.45
280 365 979.586
281 282 676.267
281 354 307.007
282 263 577.652
282 283 587.957
282 284 618.533
282 332 34.5439
282 347 671.271
283 263 39.7092
283 282 587.957
283 284 30.6952
283 332 587.173
283 334 233.992
284 262 40.6375
284 282 618.532
284 283 30.6952
284 285 368.026
285 284 368.026
285 289 1109.9
285 290 1108.88
286 169 388.757
287 275 458.079
287 280 483.298
287 346 310.289
287 357 144.416
288 291 10.2521
288 316 8.22889
288 318 20.2351
288 472 276.23
288 510 18.5237
289 290 11.6739
289 318 962.637
289 321 1065.35
290 289 11.6739
290 291 948.207
291 288 10.2521
291 290 948.203
291 318 9.99264
291 504 285.958
291 510 17.3317
292 178 309.883
292 363 74.3285
292 380 17.5379
293 276 188.825
293 295 23.5371
294 332 275.598
295 254 318.064
295 293 23.5371
296 276 76.2133
296 277 138.588
296 278 137.305
296 293 265.035
296 302 644.236
297 254 699.618
297 298 7.70134
298 297 7.70134
298 299 251.711
298 420 369.774
299 298 251.711
299 420 264.38
299 421 241.817
299 425 12.568
300 301 348.001
300 387 141.825
301 240 326.413
301 300 348.001
302 213 93.4986
302 214 91.428
302 277 506.847
302 278 507.071
302 303 20.2728
303 213 90.7129
303 278 508.418
303 302 20.2728
303 305 509.858
303 361 598.443
304 292 875.636
305 303 509.857
305 306 99.5034
305 307 385.505
305 310 128.823
305 319 290.359
305 361 334.676
306 305 99.5033
306 307 286.002
306 310 80.6602
306 311 96.7758
306 361 352.553
307 306 286.002
307 309 77.9263
307 310 296.492
307 388 412.077
307 389 408.561
307 453 615.708
308 233 59.0005
308 309 21.5059
308 310 307.577
308 454 705.623
308 455 695.005
308 489 161.662
309 231 211.373
309 232 60.8227
309 233 65.8608
309 306 297.18
309 307 77.9263
309 308 21.5059
309 310 286.104
309 311 338.602
309 389 486.484
309 470 170.212
309 487 173.03
310 305 128.824
310 306 80.6602
310 309 286.104
310 311 52.5011
311 306 96.776
311 310 52.5011
311 312 356.167
311 327 71.6463
312 213 199.226
313 405 192.042
313 470 186.349
314 315 15.8611
314 471 26.1502
314 502 44.5584
315 314 15.8611
315 316 298.119
315 472 30.3831
316 288 8.22889
316 291 18.481
316 317 388.217
316 472 268.001
316 510 23.0034
317 290 556.416
317 314 451.121
317 316 388.218
317 340 497.999
317 372 494.847
317 472 422.36
318 288 20.2351
318 291 9.99264
318 395 848.104
318 473 393.608
318 509 389.738
318 510 20.9729
318 533 650.547
319 293 803.918
319 361 95.1349
320 322 10.2868
320 323 9.61104
321 245 125.909
322 320 10.2868
322 323 19.8975
322 324 3.02367
323 320 9.61104
324 320 10.5873
324 322 3.02367
325 312 107.799
326 327 131.676
327 328 127.826
328 170 162.745
328 325 54.6754
328 327 127.826
329 177 176.982
329 226 49.8916
329 330 112.294
330 229 72.5044
330 329 112.294
330 331 136.638
331 392 966.272
332 282 34.5439
332 333 154.098
333 275 2598.08
334 335 157.308
335 336 242.468
335 699 1326.13
336 337 90.4449
337 336 90.4445
337 338 274.908
338 337 274.904
338 339 78.826
339 338 78.8257
339 574 100.3
339 576 116.929
340 341 122.346
340 372 91.2323
340 373 247.002
341 340 122.346
341 342 104.827
341 372 212.832
342 340 227.172
342 341 104.827
343 344 86.0949
344 230 146.196
344 231 136.09
344 232 172.016
344 343 86.0949
344 415 127.111
344 470 138.207
345 176 3708.93
345 289 2644.84
345 336 1477.95
345 699 2273.87
345 1338 10402.4
346 260 169.814
346 287 310.289
347 282 671.27
347 348 511.725
347 381 171.65
348 347 511.727
348 574 1113.61
348 593 784.51
348 595 165.277
348 604 15.2722
349 358 17.6528
350 45 3976.42
350 351 36.7681
350 360 495.046
351 10 10842.7
351 349 112.201
352 279 50.9628
353 360 255.678
354 281 307.005
354 355 124.945
355 354 124.944
355 356 181.614
355 520 268.349
355 524 264.281
356 355 181.613
356 520 88.4176
356 521 193.695
356 523 314.589
356 524 163.581
356 534 283.75
357 346 165.872
358 359 29.9887
360 350 495.046
360 353 255.678
361 303 598.425
361 305 334.676
361 319 95.1345
361 382 109.622
361 386 129.941
362 280 2070.09
362 693 1098.22
362 703 450.317
362 704 158.781
362 868 835.28
362 869 422.508
363 178 235.73
363 292 74.3285
364 575 323.577
364 683 8.6435
364 684 16.5833
365 366 155.896
366 364 584.035
366 365 155.897
366 367 98.7098
367 364 485.328
367 366 98.71
367 694 1508.93
367 1356 3548.89
367 1358 3761.5
368 369 200.744
368 467 1767.56
369 370 718.851
369 989 576.305
369 990 493.268
369 1141 409.515
370 702 422.094
370 868 526.007
370 869 699.811
370 989 661.144
370 992 976.458
371 362 558.606
371 467 14.716
371 704 399.825
372 340 91.2321
372 341 212.832
372 373 163.47
372 404 391.616
373 340 246.999
373 372 163.469
373 404 273.513
373 405 271.35
374 375 14.0442
374 443 84.1401
375 374 14.0442
375 376 196.66
375 377 516.379
376 375 196.659
376 377 325.087
377 376 325.087
377 378 293.23
377 379 302.782
378 178 16.3723
378 377 293.229
378 379 9.5645
379 378 9.5645
379 380 313.488
380 292 17.5379
380 379 313.488
380 398 246.706
380 399 49.801
381 347 171.65
381 523 106.202
382 305 342.392
382 319 192.128
382 361 109.622
382 386 78.3394
382 388 244.044
383 665 53.199
383 683 40.4065
384 412 224.938
384 980 54.3932
385 349 1004.16
386 361 129.94
386 382 78.3394
386 388 231.665
387 300 141.825
387 411 436.319
388 386 231.665
388 389 48.3127
388 453 211.027
389 307 408.56
389 388 48.3127
389 453 207.182
390 391 464.127
391 326 2028.75
392 393 1085.05
392 492 330.651
393 394 437.048
393 881 65.7833
394 978 222.483
395 318 848.112
395 473 454.581
395 474 173.72
395 573 174.13
396 421 400.944
396 423 207.29
396 424 216.414
397 398 126.041
397 413 460.31
397 418 757.554
397 589 417.743
398 380 246.705
398 397 126.041
398 399 196.948
398 413 477.13
399 379 324.831
399 380 49.8009
399 398 196.949
400 651 287.936
401 400 15.1474
401 402 314.244
402 401 314.239
402 403 79.8086
403 402 79.8083
403 551 214.282
403 766 118.066
404 373 273.515
404 405 7.80814
404 471 185.754
404 503 16.5963
405 313 192.042
405 341 604.887
405 404 7.80814
405 503 16.8337
406 407 81.4661
407 406 81.4661
407 408 356.9
408 407 356.901
408 409 593.734
409 408 593.734
409 410 561.595
410 409 561.595
410 411 267.517
411 387 436.319
411 410 267.517
412 384 224.938
412 1033 405.399
413 397 460.308
413 444 80.5824
414 527 244.922
414 599 82.4829
414 602 239.708
415 231 232.64
415 232 109.871
415 233 112.986
415 313 186.242
415 344 127.111
415 470 11.1052
416 417 751.075
416 630 520.348
416 631 489.368
416 632 499.372
417 304 1114.38
417 416 751.076
417 418 683.308
417 519 38.4632
418 444 216.948
418 559 554.292
419 420 296.12
419 430 10.3776
420 299 264.38
420 421 506.089
420 425 264.537
420 426 97.6753
421 299 241.817
421 396 400.943
421 422 13.7862
421 425 241.765
422 421 13.7862
422 436 608.623
422 437 156.716
423 396 207.29
423 421 608.125
423 424 9.12847
423 436 23.2076
424 423 9.12847
424 452 10.2362
425 298 264.278
425 299 12.568
425 431 554.446
425 437 84.7673
425 438 100.671
425 439 78.566
425 440 1238.6
426 420 97.6753
426 430 195.967
426 433 24.5565
427 428 602.918
427 434 57.0644
427 459 9.82342
428 427 602.922
428 429 9.83647
429 428 9.83647
429 430 909.76
429 432 11.2959
429 674 1503.5
430 419 10.3776
430 426 195.967
430 429 909.769
430 431 10.8854
431 430 10.8854
431 440 710.659
431 441 923.747
431 526 280.054
432 419 905.274
432 429 11.2959
433 426 24.5565
433 431 215.561
433 438 238.359
434 376 289.333
434 427 57.0643
435 436 9.18348
435 450 698.278
435 454 10.2039
436 422 608.623
436 435 9.18348
436 442 494.243
437 422 156.716
437 425 84.7673
437 439 117.698
438 433 238.359
438 439 124.364
439 425 78.5659
439 466 114.038
440 429 229.884
440 526 556.375
440 554 299.274
440 592 318.92
441 475 372.535
442 436 494.241
442 437 921.796
442 451 83.4338
443 374 84.1404
443 459 57.4518
444 413 80.5823
444 418 216.949
445 446 117.69
445 460 11.1746
445 748 696.442
445 848 307.51
445 849 369.977
445 874 99.5412
446 445 117.69
446 460 118.225
446 461 10.1341
446 836 33.0652
446 838 9.99789
447 448 52.7525
447 781 209.046
448 447 52.7525
448 449 154.829
449 448 154.829
449 450 196.937
449 451 317.268
449 620 362.355
450 448 351.766
450 449 196.937
450 451 120.379
451 442 83.4337
451 449 317.268
451 450 120.379
452 424 10.2362
452 453 10.9734
452 455 25.3417
453 388 211.027
453 389 207.182
453 424 21.2096
453 452 10.9734
453 455 22.2899
454 435 10.2039
454 452 22.7205
454 455 10.6176
454 462 1155.04
455 308 695.005
455 309 693.8
455 442 494.979
455 453 22.2899
455 454 10.6176
455 456 961.605
456 442 468.756
456 457 191.659
456 726 9.08312
457 456 191.659
457 458 30.9256
457 726 191.826
457 727 157.88
458 457 30.9256
458 462 30.6834
458 793 75.0419
459 427 9.82341
459 443 57.4519
459 475 243.273
460 445 11.1746
460 461 117.563
460 874 98.7875
460 889 195.021
461 446 10.1341
461 460 117.564
461 838 18.2523
461 852 10.5571
462 458 30.6834
462 804 258.469
463 464 94.6659
463 543 95.451
463 556 250.424
464 463 94.666
464 465 6.21385
464 556 345.09
465 464 6.21385
465 466 23.8871
466 425 192.039
466 439 114.038
466 464 30.101
466 465 23.8871
467 83 4525.79
467 371 14.716
467 468 13.181
468 467 13.181
468 469 849.551
468 860 989.017
469 370 27.9373
469 1297 1032.69
470 232 109.421
470 233 110.486
470 313 186.349
470 343 153.996
470 415 11.1052
471 314 26.1502
471 315 42.0113
471 373 363.601
471 404 185.754
471 504 77.1406
472 288 276.229
472 314 46.1873
472 315 30.3831
472 316 268
472 504 36.9414
473 318 393.61
473 395 454.579
473 509 14.3902
474 395 173.72
474 505 24.0738
474 573 13.435
474 576 45.1549
475 427 247.108
475 441 372.534
475 459 243.275
476 477 98.1468
476 478 109.377
477 476 98.1469
477 478 11.2353
477 854 14.3712
477 858 188.646
477 863 777.924
478 477 11.2353
478 479 11.812
478 480 23.8111
478 850 708.848
478 854 9.35842
478 858 188.711
479 477 23.042
479 478 11.812
479 480 11.9991
479 481 292.454
479 498 57.8287
480 479 11.9991
480 481 280.455
480 482 313.764
480 843 188.872
481 479 292.454
481 480 280.455
481 482 33.3125
482 480 313.765
482 481 33.3125
482 483 178.813
482 484 626.575
483 482 178.813
483 484 447.763
483 495 55.5978
483 607 589.152
483 608 375.895
483 744 170.518
483 746 548.179
484 483 447.764
484 485 158.653
484 607 367.127
484 608 584.961
485 484 158.654
485 486 120.381
485 491 53.2596
486 485 120.381
486 487 42.3978
487 308 151.547
487 486 42.3978
488 233 129.271
488 308 188.129
488 489 193.845
488 501 172.383
489 232 166.008
489 233 145.285
489 490 40.764
490 489 40.764
490 491 122.122
491 485 53.2596
491 490 122.122
491 492 29.4943
492 392 330.652
492 491 29.4942
492 493 196.254
493 492 196.254
493 494 165.76
493 657 185.729
494 493 165.76
494 495 214.741
494 657 88.824
494 744 242.822
495 483 55.5978
495 484 450.401
495 494 214.741
495 496 178.469
495 608 431.488
495 744 114.927
495 801 179.118
496 495 178.469
496 497 33.8742
496 498 325.066
496 801 9.74352
497 496 33.8742
497 498 291.193
497 499 302.884
497 517 598.403
498 479 57.8287
498 496 325.065
498 497 291.192
498 499 11.6955
498 517 525.784
499 498 11.6955
499 500 112.774
499 518 525.532
499 866 9.30508
500 499 112.774
500 880 487.539
500 881 275.865
501 233 301.654
501 488 172.383
501 503 190.627
502 471 35.3356
502 503 189.436
502 504 67.3926
502 510 348.289
502 511 229.337
503 313 197.111
503 404 16.5963
503 405 16.8337
503 488 363.008
503 501 190.627
503 502 189.436
503 504 256.82
503 511 137.735
503 512 269.25
504 502 67.3926
504 510 281.218
504 533 729.474
505 474 24.0738
505 506 147.599
505 572 13.4408
505 573 37.4959
505 576 49.6708
505 577 44.05
506 505 147.599
506 507 174.458
507 506 174.457
507 508 137.487
508 473 170.636
508 507 137.487
508 509 174.352
508 533 742.797
509 291 399.727
509 473 14.3902
509 504 681.452
509 508 174.352
509 510 401.497
509 533 661.111
509 571 795.966
510 288 18.5237
510 291 17.3316
510 316 23.0034
510 317 408.326
510 318 20.9729
510 473 405.959
510 504 281.219
510 509 401.495
510 532 932.425
510 533 636.877
511 503 137.735
511 512 131.515
512 503 269.25
512 511 131.515
512 513 27.9325
513 491 492.707
513 512 27.9325
513 514 225.554
514 513 225.554
514 515 164.16
514 659 329.752
515 510 831.185
515 513 389.713
515 514 164.16
515 516 222.606
515 532 608.612
515 533 530.326
515 659 285.871
515 714 246.354
516 515 222.606
516 517 500.702
516 518 511.635
516 531 727.503
516 659 374.889
516 714 126.641
516 716 215.447
517 498 525.784
517 499 525.704
517 516 500.701
517 518 10.9369
517 530 511.849
517 531 511.137
517 532 660.12
517 714 519.646
518 499 525.532
518 517 10.9369
518 530 511.658
518 531 511.148
519 417 38.4632
519 555 461.396
520 355 268.349
520 356 88.4177
520 521 106.073
520 522 207.685
520 524 191.1
520 534 250.456
520 542 270.284
521 356 193.695
521 520 106.072
521 522 101.733
521 534 267.522
521 542 244.971
521 557 91.8606
521 558 45.0053
521 590 116.312
522 520 207.685
522 521 101.733
522 542 268.39
522 557 130.433
522 558 106.727
522 590 55.0748
523 381 106.202
523 524 151.008
524 355 264.278
524 356 163.581
524 381 257.107
524 520 191.099
524 523 151.008
525 524 554.261
525 595 186.586
525 596 94.6029
525 597 237.876
526 440 556.375
526 535 237.867
526 541 63.2594
527 355 987.103
527 600 527.853
527 602 16.3686
528 529 125.474
528 530 353.317
528 902 640.602
528 903 17.9567
528 904 15.543
529 528 125.474
529 530 227.842
529 531 237.253
529 903 128.752
529 904 139.687
530 518 511.658
530 528 353.316
530 529 227.842
530 531 9.41076
530 532 443.11
530 861 274.451
531 517 511.137
531 518 511.148
531 529 237.253
531 530 9.41076
531 532 433.705
531 533 729.252
531 861 274.729
532 510 932.42
532 515 608.623
532 517 660.137
532 530 443.11
532 531 433.705
532 533 295.56
532 861 515.901
533 291 653
533 508 742.775
533 509 661.09
533 510 636.875
533 515 530.326
533 531 729.254
533 532 295.56
533 560 917.388
533 659 816.189
534 356 283.751
534 520 250.456
534 521 267.523
534 542 103.292
534 598 486.585
535 526 237.867
535 547 21.105
536 537 83.2416
536 609 96.5707
536 640 58.1442
536 649 33.8649
537 536 83.2416
537 538 111.828
537 609 49.6564
537 610 189.424
538 537 111.828
538 539 96.5107
539 538 96.5108
539 540 58.7599
540 539 58.76
540 541 57.7592
541 526 63.2593
541 540 57.7592
542 520 270.286
542 521 244.971
542 522 268.391
542 534 103.292
542 590 219.678
543 463 95.4509
543 544 175.426
544 543 175.426
544 545 12.9521
544 546 103.974
545 544 12.9521
545 546 92.1633
545 610 430.311
546 544 103.974
546 545 92.1633
546 547 14.6263
547 535 21.105
547 546 14.6263
548 549 34.4459
549 550 273.173
550 551 3332.24
550 799 3398.05
550 959 42.312
550 1030 36.5774
551 552 79.2503
551 766 96.4703
551 797 307.351
552 553 351.161
553 270 491.993
554 440 299.273
554 591 364.632
554 592 90.6653
554 621 146.499
555 417 499.787
555 519 461.396
555 628 270.454
556 463 250.424
556 538 652.671
556 543 287.586
556 615 240.796
556 616 230.676
556 637 308.229
557 522 130.433
557 558 46.8623
558 520 116.855
558 521 45.0053
558 522 106.727
558 542 289.872
558 557 46.8623
559 589 9.62189
560 569 424.702
560 678 248.832
560 862 101.741
560 865 101.748
561 562 28.2428
562 563 168.144
562 1113 106.005
563 562 168.144
563 564 4.98694
564 563 4.98694
564 565 178.362
565 564 178.362
565 566 773.475
565 567 1087.37
566 565 773.475
566 567 313.896
566 902 334.752
566 903 957.364
567 566 313.896
567 568 118.897
567 569 132.938
568 567 118.897
568 569 14.0406
568 570 430.375
568 582 49.8489
568 865 324.384
569 568 14.0406
569 570 416.34
569 581 49.8577
569 862 322.962
570 569 416.341
570 571 306.017
570 572 659.207
571 505 366.877
571 533 982.7
571 570 306.017
571 572 353.482
572 474 37.495
572 505 13.4408
572 507 324.023
572 571 353.484
572 578 43.8489
573 283 1187.46
573 284 1180.08
573 339 115.485
573 357 4576.27
573 474 13.435
573 574 45.5919
574 339 100.299
574 348 1113.6
574 573 45.5919
574 576 16.6494
574 594 263.9
575 280 1341.73
575 352 1789.49
575 364 323.577
576 474 45.155
576 574 16.6494
576 577 23.2275
576 594 264.114
577 505 44.0501
577 578 12.339
577 579 310.286
577 606 160.86
578 505 47.0562
578 572 43.8489
578 577 12.339
578 579 297.998
579 572 308.876
579 578 297.997
579 580 56.9714
580 579 56.9713
580 581 710.456
580 699 150.578
581 569 49.8577
581 580 710.454
581 582 15.0982
581 604 1470.26
581 644 1678.48
582 568 49.8489
582 581 15.0982
582 583 386.145
582 871 604.928
583 582 386.144
583 584 230.364
584 585 512.383
585 586 270.27
586 587 157.987
587 586 157.987
587 588 26.4729
587 1122 223.198
587 1131 258.318
588 587 26.4729
588 1118 198.317
589 559 9.62188
590 521 116.312
590 522 55.0748
590 534 284.883
590 542 219.677
590 598 349.766
591 554 364.634
591 592 275.973
591 621 274.584
591 642 24.3352
592 440 318.922
592 554 90.6654
592 591 275.972
592 621 116.67
592 642 298.667
593 348 784.509
593 594 70.496
594 576 264.115
594 593 70.496
595 348 165.277
595 596 91.9833
596 348 257.26
596 523 534.708
596 525 94.6029
596 595 91.9834
596 597 332.478
597 525 237.876
597 598 214.052
597 603 14.4695
598 597 214.052
598 599 22.364
599 414 82.4829
599 598 22.364
600 414 772.774
600 527 527.853
600 677 23.7884
601 602 532.312
601 679 22.11
602 527 16.3686
602 597 558.14
602 600 533.727
602 601 532.312
602 603 557.38
603 597 14.4695
603 602 557.38
603 604 597.812
603 644 1022.96
604 348 15.2722
604 603 597.811
604 605 814.615
604 634 1013.17
605 578 299.562
605 604 814.614
605 606 139.432
606 577 160.86
606 578 160.133
607 483 589.135
607 484 367.127
607 608 461.47
608 483 375.895
608 484 584.944
608 495 431.488
608 607 461.469
608 726 325.296
608 746 173.254
609 537 49.6564
609 624 28.1105
609 625 68.2478
610 537 189.424
610 538 218.826
610 545 430.302
610 611 63.9921
611 610 63.9921
611 637 254.507
612 613 8.80173
612 715 23.8339
613 612 8.80173
613 614 122.282
613 615 132.041
614 613 122.282
614 615 9.76772
614 653 31.7665
615 614 9.76772
615 616 11.1108
615 638 138.479
615 654 166.094
616 556 230.673
616 615 11.1108
616 653 31.9761
617 618 113.63
617 620 237.375
617 639 279.114
617 650 162.377
617 655 199.36
617 753 138.137
617 778 145.557
618 617 113.63
618 753 85.7764
618 778 85.5185
618 781 385.878
619 162 1204.98
619 661 650.72
620 448 391.539
620 449 362.355
620 617 237.375
621 554 146.5
621 591 274.584
621 592 116.669
622 162 298.209
622 796 149.571
623 657 19.8078
623 658 32.5273
624 609 28.1105
624 625 40.1373
624 626 94.712
624 627 85.0156
624 640 86.683
625 609 68.2478
625 624 40.1373
625 626 85.9526
625 627 94.4052
626 624 94.7115
626 625 85.9525
626 627 40.7111
626 641 7.32511
627 536 76.1674
627 624 85.0156
627 625 94.4056
627 626 40.7111
627 640 18.0231
628 555 270.454
628 629 107.352
628 630 317.009
629 628 107.352
629 630 209.685
629 631 340.021
630 416 520.344
630 628 317.009
630 629 209.685
630 631 130.337
630 632 262.648
631 416 489.368
631 629 340.022
631 630 130.337
631 632 132.404
631 633 141.196
632 416 499.371
632 630 262.648
632 631 132.404
632 633 8.96351
632 959 1803.44
633 401 1434.55
633 402 1534.4
633 631 141.196
633 632 8.9635
634 871 471.659
634 886 1641.14
634 982 1935.64
635 636 9.80355
635 664 60.0695
636 635 9.80355
636 637 48.032
636 664 69.0895
637 556 308.225
637 635 53.6414
637 636 48.0321
637 653 94.8041
638 615 138.479
638 639 98.828
638 650 135.661
638 654 90.7366
638 655 141.867
639 620 381.019
639 638 98.8282
639 650 122.997
639 654 153.335
640 536 58.1442
640 537 103.035
640 627 18.0231
641 591 85.1734
641 626 7.32511
641 642 60.8382
642 591 24.3352
642 592 298.668
642 641 60.8382
642 643 117.518
643 591 117.478
643 641 137.894
643 642 117.518
643 646 195.57
643 676 23.9017
643 682 184.919
644 597 1037.41
644 603 1022.95
644 982 1476.46
644 992 2328.82
645 643 211.937
645 646 67.0636
645 720 24.576
646 640 147.863
646 645 67.0637
646 647 51.1597
646 720 91.635
647 646 51.1597
647 648 17.6024
648 647 17.6024
648 649 34.5479
649 536 33.8649
649 648 34.5479
649 662 231.269
650 617 162.376
650 638 135.662
650 639 122.997
650 654 99.2352
651 652 684.146
652 631 411.623
652 632 457.198
653 614 31.7665
653 615 30.7753
653 616 31.9761
653 637 94.8041
654 638 90.7367
654 639 153.333
654 650 99.2352
654 655 51.1756
654 708 179.472
655 617 199.359
655 638 141.867
655 650 113.227
655 654 51.1756
655 656 182.349
655 708 158.651
655 715 155.617
655 721 227.673
656 655 182.349
656 721 155.121
656 753 83.0953
657 494 88.824
657 623 19.8078
657 658 52.335
658 623 32.5273
658 659 63.964
658 660 226.776
659 514 329.75
659 515 285.871
659 516 374.884
659 658 63.964
660 659 217.722
660 713 135.889
660 714 175.921
660 716 87.1144
660 744 94.3625
661 162 554.26
661 619 650.72
662 645 273.602
662 663 124.879
662 720 288.079
663 635 77.535
663 662 124.879
663 664 17.4655
664 635 60.0695
664 663 17.4655
665 383 53.199
665 677 228.338
666 717 58.8476
666 718 33.4796
666 719 28.806
666 731 23.7112
667 668 69.9723
667 717 104.347
667 730 67.4075
667 742 214.891
667 743 112.59
668 666 107.095
668 667 69.9725
668 717 53.0358
668 718 87.0979
669 719 47.9747
669 731 42.5104
669 738 154.496
669 739 40.9591
669 740 44.9477
669 749 168.451
669 777 172.785
670 671 141.027
670 707 13.3334
670 738 201.369
670 740 60.5734
671 670 141.028
671 672 127.52
671 738 205.678
671 739 172.419
671 740 172.799
671 749 242.252
671 763 121.791
671 795 241.502
671 813 165.404
672 671 127.52
672 673 294.238
672 738 241.159
672 763 175.474
672 764 123.369
672 765 179.442
672 795 206.466
672 813 106.019
673 672 294.238
673 674 147.491
673 732 276.838
673 813 311.26
674 673 147.491
674 675 7.95491
674 747 1005.98
675 674 7.95491
675 752 1142.53
676 643 23.9017
676 680 54.2796
676 682 163.726
676 761 164.935
677 383 281.492
677 600 23.7884
677 665 228.338
678 509 1262.31
678 533 791.556
678 560 248.832
678 861 28.6347
679 601 22.11
679 681 288.853
680 676 54.2794
680 682 119.497
680 705 41.7105
680 706 121.783
680 709 122.885
681 364 48.6416
681 679 288.853
681 684 48.1438
682 676 163.726
682 705 135.953
682 707 141.948
682 709 67.7377
682 761 18.4687
682 762 52.6025
683 364 8.6435
683 383 40.4065
684 681 48.1438
684 693 628.7
685 686 1047.46
685 697 322.358
685 982 481.894
685 1050 51.7605
686 687 29.1613
687 688 182.599
688 281 2721.69
688 689 643.116
689 690 211.078
689 691 253.448
690 689 211.077
690 691 42.3706
690 693 494.048
691 681 101.074
691 690 42.3706
692 284 3831.36
692 1119 198.021
693 684 628.705
693 694 380.263
694 695 62.0599
694 696 155.482
695 684 1069.61
695 693 442.272
695 694 62.0599
695 696 93.4246
696 686 61.8237
696 695 93.4245
696 697 780.04
697 698 69.9721
698 1046 27.2637
699 580 150.578
699 700 1909.11
700 586 66.8193
700 699 1909.1
700 701 250.536
701 700 250.536
701 1121 198.223
702 370 422.094
702 703 415.289
702 868 104.536
702 869 425.928
702 878 1679.19
702 989 478.349
702 992 556.824
703 702 415.291
703 868 438.137
703 869 145.71
704 362 158.781
704 371 399.825
704 702 824.91
705 680 41.7105
705 706 84.6462
705 707 137.465
705 709 116.851
706 680 121.783
706 705 84.646
706 707 71.8749
706 709 102.798
707 670 13.3334
707 705 137.464
707 706 71.8749
707 709 74.2098
707 740 73.9068
708 655 158.651
708 656 209.805
708 715 14.3582
708 721 127.835
708 754 189.075
709 676 176.593
709 680 122.885
709 682 67.7377
709 705 116.851
709 706 102.799
709 707 74.2098
710 711 28.2083
711 551 72.0705
711 766 82.0801
711 959 3372.55
711 970 2860.95
712 469 15.3402
713 516 239.756
713 660 135.89
713 714 137.381
713 716 104.558
713 744 209.171
714 515 246.351
714 516 126.641
714 660 175.921
714 713 137.382
714 716 88.8064
715 612 23.8339
715 708 14.3582
716 516 215.447
716 660 87.1144
716 713 104.558
716 714 88.8064
717 666 58.8476
717 667 104.347
717 668 53.0358
717 718 34.1265
717 719 49.2949
717 730 136.929
718 666 33.4795
718 668 87.098
718 717 34.1265
718 719 15.1684
718 731 24.0904
719 666 28.806
719 669 47.9746
719 717 49.2949
719 718 15.1684
719 731 10.0723
719 741 170.074
719 743 191.124
720 645 24.576
720 646 91.6349
720 725 109.05
720 736 157.854
720 737 75.6151
721 655 227.671
721 656 155.121
721 708 127.835
721 715 142.193
721 722 180.129
721 753 238.214
721 754 152.333
722 721 180.129
722 723 50.3749
722 724 141.1
722 754 239.74
722 774 153.338
723 721 230.47
723 722 50.3749
723 774 141.552
724 722 141.1
724 723 90.763
724 774 166.807
725 720 109.049
725 736 90.4555
725 737 77.2483
725 759 12.799
726 456 9.08312
726 608 325.296
726 727 349.333
726 746 152.22
727 457 157.88
727 728 46.8445
727 811 7.49964
727 812 47.5383
728 727 46.8445
728 729 63.3878
728 804 57.9798
728 812 7.48635
729 728 63.3877
729 843 503.817
729 850 29.3514
729 852 46.9004
730 667 67.4075
730 668 125.005
730 717 136.929
730 741 84.719
730 742 147.483
730 743 45.1822
731 666 23.7112
731 669 42.5104
731 718 24.0904
731 719 10.0723
732 673 276.838
732 733 240.527
732 823 341.638
733 732 240.528
733 734 81.2283
733 830 38.4002
734 672 269.95
734 733 81.2284
734 735 81.8859
734 736 173.404
734 763 191.687
734 764 146.583
734 765 195.137
734 814 75.655
734 830 90.5933
735 734 81.8859
735 736 91.5177
735 737 173.062
735 767 146.408
735 770 206.134
735 779 102.835
736 720 157.853
736 725 90.4559
736 734 173.404
736 735 91.5178
736 737 85.0293
736 758 147.526
736 767 70.9682
736 779 43.3369
736 780 121.261
737 645 100.19
737 720 75.6151
737 725 77.2483
737 735 173.063
737 736 85.0296
737 758 91.9749
737 759 90.0472
737 767 95.2722
737 779 77.309
738 669 154.495
738 670 201.368
738 671 205.678
738 739 139.915
738 749 36.6103
738 777 45.4596
738 794 129.385
738 795 123.703
739 669 40.9592
739 671 172.417
739 738 139.916
739 740 20.4011
739 749 161.944
740 670 60.5734
740 671 172.798
740 706 104.468
740 739 20.4012
741 718 166.94
741 730 84.7193
741 742 97.7898
741 743 57.3153
741 776 30.6191
741 777 50.3345
741 791 54.801
742 667 214.891
742 673 502.652
742 730 147.483
742 741 97.7893
742 743 102.301
742 791 84.4991
742 794 125.235
743 667 112.59
743 719 191.123
743 730 45.1822
743 741 57.3152
743 742 102.301
743 776 87.5963
744 495 114.927
744 660 94.3625
744 716 181.477
745 721 185.471
745 754 33.1405
745 755 28.5968
746 483 548.179
746 608 173.254
746 726 152.22
746 727 389.677
747 674 1005.98
747 748 180.297
748 445 696.436
748 747 180.297
748 750 578.488
748 751 13.9735
748 847 541.199
748 848 525.553
748 849 396.109
748 889 665.719
749 669 168.449
749 671 242.252
749 738 36.6103
749 739 161.943
749 776 27.1234
749 777 8.8494
749 791 29.348
749 794 125.037
749 795 130.189
750 751 589.355
751 675 1176.97
751 748 13.9735
751 750 589.355
751 752 34.5837
751 849 410.063
751 899 33.8558
752 674 1141.48
752 675 1142.53
752 751 34.5837
752 899 19.7772
753 617 138.136
753 618 85.7764
753 655 208.188
753 656 83.0953
753 778 171.292
754 708 189.073
754 721 152.333
754 722 239.737
754 745 33.1405
754 774 239.157
755 745 28.5968
755 754 61.7302
755 756 41.9689
756 755 41.9689
756 757 152.724
756 768 152.909
756 772 234.31
757 737 175.558
757 756 152.724
757 758 83.5831
757 768 10.6228
757 769 76.6898
758 720 117.607
758 725 169.222
758 737 91.9749
758 757 83.5831
758 768 84.1365
759 725 12.799
759 736 97.3823
759 760 58.0128
760 725 70.8118
760 759 58.0128
760 761 35.2446
761 676 164.935
761 682 18.4687
761 709 86.2064
761 759 93.2575
761 760 35.2446
761 762 48.9459
762 760 59.8288
762 761 48.9459
762 763 82.2131
763 671 121.791
763 672 175.475
763 762 82.2131
763 764 123.708
764 671 175.527
764 672 123.369
764 673 323.756
764 733 166.597
764 734 146.583
764 735 169.045
764 763 123.708
764 765 130.127
764 813 229.367
764 814 222.23
765 672 179.443
765 764 130.127
765 830 116.517
765 831 66.7278
766 402 197.838
766 403 118.065
767 725 36.9011
767 735 146.408
767 736 70.968
767 759 35.0976
767 760 68.9266
767 779 107.675
768 757 10.6228
768 769 66.067
768 770 157.29
769 757 76.6898
769 768 66.067
769 770 91.2231
769 775 70.1446
769 780 88.3165
770 735 206.134
770 768 157.29
770 769 91.223
770 771 84.1615
770 775 113.869
770 779 186.773
770 819 144.901
771 770 84.1614
771 773 162.797
771 814 129.266
771 815 78.3571
771 816 132.164
771 819 60.7461
772 756 234.31
772 773 9.27211
773 771 162.797
773 772 9.27211
773 816 30.6358
773 817 57.7764
773 818 83.0232
773 820 68.7824
774 722 153.338
774 723 141.552
774 724 166.806
774 754 239.157
774 817 48.3781
774 818 23.1214
775 768 97.3904
775 769 70.1446
775 779 93.9939
775 780 22.4444
776 719 171.621
776 741 30.6192
776 743 87.5965
776 749 27.1234
776 777 20.3305
776 791 33.1499
777 738 45.4596
777 741 50.3346
777 749 8.8494
777 776 20.3305
777 791 23.0703
778 617 145.558
778 618 85.5185
778 781 300.419
778 782 117.232
779 736 43.3369
779 737 77.3091
779 767 107.676
779 775 93.9939
779 780 78.7318
780 736 121.261
780 769 88.3165
780 770 114.422
780 775 22.4444
780 779 78.7319
781 447 209.046
781 778 300.419
782 778 117.232
782 783 87.1168
783 782 87.1167
783 784 82.5162
784 783 82.5162
784 785 48.5538
784 786 65.4041
784 842 140.588
785 783 131.068
785 784 48.5538
785 786 16.8573
785 839 338.525
785 842 129.853
785 844 195.098
785 845 134.044
786 784 65.404
786 785 16.8573
786 787 10.9924
786 788 24.5814
786 842 129.651
786 844 195.013
786 845 130.982
787 785 27.8464
787 786 10.9924
787 788 13.5889
787 842 131.042
787 845 130.479
787 846 194.972
788 786 24.5814
788 787 13.5889
788 789 126.815
788 840 336.449
788 841 398.954
788 845 131.133
788 846 195.458
789 788 126.815
789 790 66.6437
789 840 356.634
789 845 189.811
790 789 66.6436
790 882 29.1291
791 741 54.8012
791 749 29.348
791 776 33.1499
791 777 23.0703
792 269 174.157
793 458 75.0419
793 727 52.2458
793 811 49.6329
794 742 125.236
794 743 203.727
794 749 125.037
794 791 110.087
794 795 37.6278
795 671 241.501
795 672 206.466
795 673 357.837
795 738 123.702
795 739 252.703
795 749 130.19
795 794 37.6278
795 813 100.451
796 622 149.57
797 551 307.347
797 552 299.373
797 798 327.453
798 797 327.449
798 799 143.602
799 798 143.601
799 800 292.047
800 799 292.045
800 1155 2198.07
801 496 9.74352
802 803 804.446
803 974 87.29
804 462 258.469
804 728 57.9797
804 729 18.7744
804 805 8.08723
805 729 17.1335
805 804 8.08723
805 806 10.6899
806 479 709.381
806 805 10.6899
806 850 13.118
807 808 542.348
808 809 537.911
809 810 457.37
810 792 372.495
811 727 7.49964
811 793 49.6329
811 812 49.1045
812 728 7.48635
812 804 56.1229
812 806 74.706
812 811 49.1045
813 671 165.402
813 672 106.019
813 673 311.257
813 738 160.146
813 764 229.367
813 794 138.077
813 795 100.451
814 733 110.807
814 734 75.655
814 735 111.563
814 764 222.231
814 815 50.9086
815 770 115.645
815 771 78.3571
815 814 50.9086
816 770 153.842
816 771 132.164
816 772 32.0663
816 773 30.6358
816 819 146.538
816 820 61.7433
816 821 91.3875
817 772 58.5679
817 773 57.7764
817 774 48.3781
817 816 88.4107
817 818 25.2616
817 822 206.076
817 827 186.253
818 774 23.1214
818 817 25.2616
818 824 89.0967
818 834 163.619
819 770 144.9
819 771 60.7461
819 816 146.538
819 828 44.0723
819 829 52.4015
820 771 145.37
820 816 61.7433
820 821 29.6442
820 822 125.576
820 828 88.7343
820 829 92.9774
821 816 91.3875
821 820 29.6441
821 822 95.9313
821 823 221.865
821 829 88.5761
822 820 125.575
822 821 95.9313
822 823 125.933
822 825 114.154
822 827 88.7204
823 732 341.638
823 822 125.933
823 867 11.8621
824 774 91.8839
824 818 89.0966
824 825 97.7814
824 826 128.054
824 827 100.929
825 817 188.057
825 822 114.154
825 824 97.7813
825 826 30.2724
825 827 25.4331
825 834 167.115
825 864 139.493
826 823 148.915
826 825 30.2724
826 867 139.974
826 873 223.722
827 817 186.252
827 821 130.746
827 822 88.7204
827 823 153.965
827 825 25.4331
827 826 39.6175
828 816 108.175
828 819 44.0723
828 820 88.7343
828 829 28.1547
829 819 52.4016
829 821 88.5761
829 822 131.567
829 828 28.1547
830 733 38.4002
830 765 116.517
830 831 62.2419
831 764 146.563
831 765 66.7278
831 830 62.2417
832 833 14.0709
832 835 253.2
832 836 252.777
832 844 62.4071
832 847 15.1478
832 848 30.7882
833 832 14.0709
833 835 242.809
833 847 29.2096
834 824 136.455
835 804 28.0162
835 805 26.6348
835 832 253.2
835 833 242.809
835 836 10.5354
836 806 26.8392
836 832 252.777
836 833 242.799
836 835 10.5354
836 837 12.5411
837 836 12.5411
837 838 12.1586
837 850 26.9513
837 855 136.819
838 446 9.99788
838 837 12.1586
838 859 118.077
839 784 343.934
839 785 338.525
839 786 338.828
839 840 42.4245
840 787 337.29
840 788 336.449
840 789 356.632
840 839 42.4245
841 840 74.2567
842 784 140.588
842 785 129.853
842 786 129.651
842 844 65.4047
842 845 22.5226
842 846 69.3018
843 479 188.903
843 480 188.872
843 729 503.817
843 858 32.955
844 785 195.098
844 786 195.013
844 832 62.4071
844 833 73.0421
844 842 65.4047
844 845 68.8157
844 846 24.4533
844 853 33.6713
845 786 130.982
845 787 130.479
845 788 131.133
845 789 189.813
845 842 22.5226
845 844 68.8156
845 846 64.4975
846 787 194.972
846 842 69.3019
846 844 24.4533
846 845 64.4975
846 848 41.3651
846 853 24.3365
847 832 15.1478
847 848 15.6466
847 849 145.187
847 853 30.477
847 856 62.3436
848 445 307.508
848 748 525.566
848 751 539.51
848 846 41.3651
848 847 15.6466
848 849 129.553
848 853 17.0291
848 857 62.9724
848 859 156.224
849 445 369.977
849 748 396.116
849 751 410.07
849 848 129.552
849 853 118.062
849 874 402.345
850 806 13.118
850 837 26.9513
850 851 12.1501
851 838 26.9508
851 850 12.1501
851 852 7.62937
852 446 20.6911
852 461 10.5571
852 729 46.9003
852 851 7.62937
852 863 318.163
853 832 44.7113
853 844 33.6713
853 846 24.3365
853 847 30.477
853 848 17.0291
853 857 79.9984
854 478 9.35842
854 866 39.7108
855 837 136.819
855 838 137.411
855 856 63.9903
855 859 21.7013
856 832 53.0834
856 847 62.3436
856 855 63.9903
856 857 14.6588
856 859 83.4083
857 838 211.334
857 847 52.7475
857 848 62.9724
857 849 179.139
857 855 75.2586
857 856 14.6588
857 859 93.2604
858 477 188.646
858 851 520.328
859 837 118.514
859 838 118.077
859 848 156.224
859 855 21.7013
859 856 83.4083
859 857 93.2604
860 468 989.017
861 530 274.451
861 531 274.729
861 560 277.466
861 678 28.6347
862 560 101.741
862 569 322.962
863 477 777.913
863 750 98.7151
863 852 318.162
863 889 11.2336
863 895 1370.89
864 825 139.493
864 826 135.924
865 530 652.448
865 568 324.384
865 861 378.424
865 862 14.8132
866 498 14.8309
866 499 9.30508
866 518 534.837
866 854 39.7108
867 732 353.5
867 823 11.8621
867 825 162.083
867 873 260.414
868 370 526.007
868 702 104.536
868 703 438.13
868 869 412.849
868 989 469.264
868 992 452.317
869 362 422.509
869 370 699.79
869 702 425.923
869 703 145.71
869 868 412.849
869 989 882.053
869 992 620.194
870 980 69.9726
870 1036 69.408
871 582 604.928
871 634 471.659
872 887 130.373
872 888 24.5255
873 867 260.415
873 888 110.524
874 445 99.5413
874 460 98.7874
874 849 402.348
874 889 96.2353
875 476 415.846
875 877 141.208
876 875 410.4
876 979 46.7
877 391 91.4258
877 476 274.644
878 879 850.447
878 1026 183.664
878 1048 294.811
879 702 987.589
879 712 522.686
879 1008 113.971
880 951 305.317
881 880 212.21
882 790 29.1291
882 887 130.782
883 884 820.394
883 1193 825.888
883 1410 437.601
883 1445 277.262
884 883 820.395
884 885 523.245
884 1187 951.249
884 1208 1071.97
885 884 523.244
885 886 58.5205
885 1186 265.606
885 1201 198.831
886 634 1641.13
886 885 58.5204
886 1192 259.078
886 1203 690.831
886 1239 1483.71
886 1286 990.543
887 872 130.373
887 882 130.782
888 872 24.5255
888 873 110.524
889 445 195.422
889 750 91.2562
889 863 11.2336
889 874 96.2353
890 891 308.513
890 938 308.391
891 890 308.513
891 937 9.18418
891 938 4.6059
892 1023 74.9287
893 1140 11.5812
893 1259 791.254
893 1353 198.416
894 1112 501.11
894 1140 1009.55
895 896 10.2171
895 1110 20.6387
896 897 20.4746
896 1129 413.651
897 896 20.4746
897 1110 10.7356
898 1073 282.718
899 675 1150.76
899 748 47.7466
899 751 33.8558
899 752 19.7772
899 900 149.673
899 916 159.597
899 920 243.623
900 899 149.673
900 916 9.9291
900 920 139.278
901 919 882.236
901 1015 718.785
901 1016 562.295
901 1078 987.915
902 528 640.603
902 566 334.752
902 903 622.652
903 528 17.9567
903 529 128.752
903 902 622.651
903 904 16.4318
904 528 15.543
904 905 420.335
905 904 420.335
905 906 21.5142
906 905 21.5142
906 907 179.805
907 906 179.805
907 908 15.5728
908 907 15.5728
908 909 7.31485
909 908 7.31485
909 910 222.718
910 909 222.718
910 911 372.283
911 910 372.283
911 912 57.9345
911 1106 74.8603
912 911 57.9345
912 1106 75.0935
912 1162 79.0297
913 914 37.3252
913 1156 37.3703
914 912 11.5548
914 913 37.3252
914 915 256.932
915 528 1058.52
915 914 256.932
915 968 691.269
916 900 9.9291
916 917 15.7631
917 916 15.7631
917 918 10.3294
917 919 825.598
918 917 10.3294
918 919 815.272
919 901 882.248
919 918 815.262
920 889 882.649
920 900 139.278
920 921 306.972
921 920 306.971
922 923 17.5792
922 1105 196.076
923 922 17.5792
923 926 10.5224
923 1112 321.037
924 1386 26.7978
924 1387 142.674
924 1388 173.417
925 922 10.6633
926 923 10.5224
926 927 13.9664
927 926 13.9664
927 929 9.88756
928 925 13.5469
928 927 16.9281
929 927 9.88756
929 930 16.6491
929 1095 715.897
930 928 10.4178
930 1101 1346.95
931 932 3.32823
931 933 54.2371
932 931 3.32823
933 931 54.2372
933 932 54.1621
934 950 120.437
934 962 293.762
934 967 363.267
935 936 15.5724
935 937 19.3741
936 935 15.5724
936 937 3.80207
936 938 5.82273
937 891 9.18418
937 935 19.3741
937 936 3.80207
937 938 4.58005
938 891 4.6059
938 936 5.82273
938 937 4.58005
939 943 12.0458
939 1043 662.911
940 941 10.9232
940 1310 56.1418
941 940 10.9232
941 942 44.8195
942 939 246.795
942 941 44.8195
942 943 246.738
942 1047 347.342
943 52 6666.32
943 939 12.0458
943 942 246.738
943 1047 241.715
944 948 17.8159
944 949 21.2886
945 946 1.77461
945 947 3.25069
946 945 1.77461
946 947 1.47608
947 944 3.37302
947 945 3.25069
947 946 1.47608
948 944 17.8159
948 947 21.1889
948 949 3.47272
949 944 21.2886
949 948 3.47272
950 934 120.437
950 956 98.3027
951 958 35.1731
951 978 81.6444
952 876 70.4293
953 890 272.467
953 954 52.2607
953 955 76.8643
953 1014 343.638
954 953 52.2607
954 955 24.7203
955 953 76.8642
955 954 24.7203
955 956 199.569
956 950 98.3028
956 955 199.569
957 958 29.9293
957 962 336.919
957 967 551.817
958 984 73.8061
959 550 42.312
959 960 291.709
960 959 291.711
960 961 10.3789
961 960 10.3789
961 1060 83.1612
962 934 293.762
962 957 336.919
962 963 389.508
962 967 214.898
962 968 224.912
962 994 431.175
963 914 694.591
963 967 322.6
963 968 258.479
963 994 342.096
964 807 179.338
965 966 28.6589
965 1014 14.7505
965 1018 26.8579
965 1019 31.7918
966 965 28.659
966 1014 38.945
966 1018 7.77534
966 1019 6.86283
967 962 214.898
967 963 322.601
967 968 64.1211
967 994 219.415
968 962 224.912
968 963 258.48
968 967 64.121
968 994 212.745
969 1061 200.065
969 1101 13.5251
969 1102 177.439
970 971 81.6214
971 970 81.6216
971 1020 638.283
972 973 1197.72
972 1007 78.6789
973 972 1197.72
974 803 87.29
974 976 3866.43
975 964 707.068
975 1024 635.404
976 974 3866.42
976 977 1209.86
977 976 1209.86
977 1012 79.5991
978 1005 267.789
979 390 221.004
979 876 46.7
979 1004 265.937
980 384 54.3932
980 385 2267.21
980 870 69.9727
981 895 359.156
982 584 2650.77
982 634 1935.8
982 685 481.891
982 886 1561.97
983 1250 17.6549
984 985 219.779
985 986 85.2386
986 985 85.2386
986 987 164.005
986 988 211.755
986 1071 357.438
987 986 164.004
987 988 47.7599
987 1071 193.532
987 1125 215.955
988 987 47.7599
988 1083 178.465
989 370 661.127
989 697 1256.29
989 702 478.343
989 868 469.264
989 869 882.054
989 990 337.517
989 992 650.96
990 369 493.268
990 989 337.517
990 991 205.319
990 993 485.319
991 989 542.834
991 990 205.319
991 1141 162.937
991 1200 287.793
991 1251 170.256
992 634 2922.27
992 702 556.824
992 868 452.317
992 869 620.177
992 989 650.941
993 1251 276.123
994 962 431.176
994 963 342.102
994 967 219.415
994 968 212.745
995 1007 368.494
996 997 78.8708
997 996 78.8709
997 998 159.101
997 1061 217.901
998 997 159.101
998 999 43.804
998 1004 52.4878
999 998 43.804
999 1000 100.116
1000 999 100.116
1000 1001 69.0659
1001 1002 46.578
1002 952 30.7131
1003 1004 230.978
1003 1069 545.453
1004 979 265.937
1004 1003 230.979
1005 986 70.7064
1005 1006 230.326
1006 1070 543.311
1007 972 78.6789
1007 995 368.494
1008 879 113.971
1008 1009 248.433
1009 879 362.404
1009 1008 248.433
1009 1010 136.664
1009 1011 350.191
1010 1008 385.096
1010 1009 136.664
1010 1011 213.529
1011 369 596.171
1011 712 913.947
1011 1009 350.191
1011 1010 213.529
1011 1048 209.39
1012 977 79.5991
1012 1013 406.586
1013 406 653.041
1013 1012 406.586
1013 1089 4851.15
1013 1114 8416.03
1014 965 14.7505
1014 966 38.945
1015 901 718.78
1015 1016 753.329
1015 1068 307.584
1016 901 562.293
1016 1015 753.344
1016 1017 22.5236
1016 1068 821.442
1016 1078 815.586
1017 901 584.8
1017 1016 22.5236
1017 1074 776.714
1017 1098 815.424
1018 966 7.77534
1018 1019 14.6382
1019 965 31.7918
1019 966 6.86283
1019 1018 14.6382
1020 971 638.295
1020 1053 96.7163
1021 939 754.313
1021 1036 40.7215
1021 1043 297.071
1022 892 220.902
1024 975 635.416
1024 1054 103.87
1025 1026 122.766
1025 1047 186.79
1026 878 183.664
1026 1025 122.766
1027 1039 349.377
1028 1032 143.987
1028 1034 93.5922
1029 1031 169.142
1029 1041 24.3697
1030 550 36.5773
1030 551 3340.83
1031 1029 169.142
1031 1040 128.221
1032 1028 143.987
1032 1040 111.244
1033 1034 84.9988
1034 1028 93.5922
1034 1033 84.9988
1035 1033 100.167
1036 870 69.4078
1036 1021 40.7216
1037 1116 144.068
1038 1027 155.357
1039 1035 158.39
1040 1031 128.221
1040 1032 111.244
1041 995 6736.49
1041 1029 24.3697
1041 1042 2167.29
1042 1350 116.021
1043 939 662.911
1043 943 674.957
1043 1021 297.07
1044 1057 61.7737
1045 1132 376.442
1046 685 225.511
1046 1050 229.927
1046 1358 1243.29
1047 943 241.715
1047 1025 186.79
1048 878 294.811
1048 1011 209.39
1049 280 3844.85
1049 983 42.804
1049 992 987.025
1049 993 31.2078
1050 685 51.7605
1050 982 533.652
1050 989 1333.58
1050 1234 603.055
1050 1265 314.456
1051 1055 133.874
1052 1312 214.611
1052 1314 120.281
1053 1020 96.7165
1053 1067 84.6035
1054 1024 103.87
1054 1072 83.2726
1055 1056 178.61
1056 1044 311.141
1057 1058 69.221
1058 1059 141.314
1059 1043 1742.12
1060 898 9.124
1060 961 83.1614
1061 969 200.065
1061 997 217.9
1061 1071 74.5305
1061 1102 30.1747
1062 1063 283.109
1063 1064 126.737
1064 1065 150.564
1065 1066 114.227
1066 1051 239.575
1067 1053 84.6037
1067 1077 66.0213
1068 901 965.102
1068 1015 307.579
1068 1016 821.441
1068 1074 95.1223
1069 1003 545.451
1069 1346 145.61
1070 1347 141.167
1071 987 193.532
1071 1061 74.5305
1071 1125 25.055
1072 1054 83.2728
1072 1082 76.8541
1073 1016 945.208
1073 1068 123.767
1074 1099 2754.5
1074 1100 207.954
1074 1368 1660.27
1074 1558 6287.57
1075 1093 221.666
1076 548 81.9542
1077 183 5604.75
1077 1067 66.0215
1077 1468 4630.94
1078 901 987.951
1078 1016 815.586
1078 1017 815.145
1078 1079 10.8354
1079 919 897.88
1079 1078 10.8354
1079 1080 13.8836
1080 1081 8.07648
1081 930 715.521
1082 1072 76.8542
1083 1084 21.3063
1083 1088 54.9636
1083 1139 136.307
1084 1083 21.3063
1084 1085 215.524
1084 1087 53.7381
1085 1169 49.1906
1085 1302 171.735
1086 1087 186.471
1086 1168 18.6907
1087 1084 53.7381
1087 1088 19.8764
1087 1108 139.886
1088 996 174.305
1088 997 253.175
1088 1083 54.9636
1088 1087 19.8764
1089 1062 236.713
1089 1064 482.934
1090 1091 99.9609
1091 1092 112.493
1091 1318 1500.04
1092 1075 151.838
1093 1094 149.95
1094 1076 11.0307
1095 929 715.897
1095 1096 7.85124
1096 1095 7.85124
1096 1097 14.4942
1096 1104 531.741
1097 1096 14.4942
1097 1098 9.99021
1098 1017 815.424
1098 1097 9.99021
1099 1282 51.0285
1099 1398 327.362
1099 1468 1573.03
1099 1546 1724.26
1099 1575 1978.96
1100 1091 190.045
1101 969 13.5251
1101 1129 48.4317
1102 969 177.439
1102 1061 30.1747
1102 1126 47.2353
1103 1097 526.18
1103 1363 47.8595
1104 1364 47.1099
1105 922 196.076
1105 981 286.283
1106 1115 183.817
1107 989 1175.44
1107 1234 279.596
1107 1240 32.6718
1108 1109 405.306
1109 897 137.152
1109 1110 147.886
1110 895 20.6387
1110 897 10.7356
1110 1111 10.246
1111 894 8.45492
1112 923 321.037
1113 1123 235.963
1113 1135 18.925
1114 1323 144.837
1115 1037 101.177
1115 1116 245.207
1115 1117 113.919
1116 562 460.312
1116 1037 144.068
1116 1113 374.787
1116 1124 39.8708
1116 1130 193.505
1117 1124 169.506
1118 588 198.317
1118 1205 59.2718
1119 692 198.021
1119 1216 482.447
1120 561 199.325
1121 701 198.223
1121 1217 407.003
1122 1131 39.1961
1122 1137 39.935
1123 587 134.391
1123 1122 104.797
1124 1130 155.443
1125 914 1092.47
1125 963 716.112
1125 968 902.343
1125 1071 25.055
1125 1138 47.5194
1125 1146 711.066
1126 1102 47.2353
1126 1109 513.407
1126 1154 28.5264
1126 1168 194.938
1127 1117 187.063
1128 1127 320.475
1128 1147 181.08
1129 896 413.651
1129 1088 268.542
1129 1101 48.4317
1130 1134 28.6992
1131 1045 157.513
1132 1133 80.2661
1133 886 203.958
1133 982 1725.29
1134 562 245.156
1134 1113 152.939
1134 1135 168.277
1135 1136 201.495
1136 1123 23.3629
1136 1137 165.024
1137 1142 451.573
1138 1125 47.5194
1138 1159 26.4171
1139 1083 136.307
1139 1145 23.3476
1140 893 11.5812
1140 1110 1009.89
1140 1260 699.866
1141 990 264.698
1141 991 162.937
1141 1200 124.859
1142 1132 80.8649
1142 1143 146.734
1143 1153 434.604
1144 1162 37.421
1144 1180 6.02699
1145 963 626.341
1145 1139 23.3476
1145 1146 574.31
1146 1145 574.31
1146 1147 81.0061
1147 914 304.277
1147 1128 181.08
1147 1146 81.0061
1147 1149 257.373
1148 1084 141.896
1148 1152 80.4301
1149 914 87.496
1149 1156 47.0006
1149 1157 496.401
1150 1151 496.318
1151 1152 277.653
1151 1158 37.3583
1152 1138 199.349
1152 1148 80.4301
1152 1151 277.653
1153 1192 34.9107
1154 1126 28.5264
1154 1138 94.7099
1154 1159 76.3766
1154 1168 169.974
1154 1263 346.726
1155 800 2197.83
1155 1369 437.462
1155 1370 203.138
1156 913 37.3703
1156 1149 47.0006
1156 1157 543.396
1156 1161 967.985
1157 1149 496.401
1157 1151 76.3471
1157 1158 40.3659
1157 1161 1125.43
1157 1170 991.975
1158 1138 510.775
1158 1149 536.767
1158 1151 37.3584
1158 1157 40.3659
1158 1170 992.837
1159 1126 96.27
1159 1154 76.3766
1159 1169 229.265
1159 1302 351.693
1160 1161 350.802
1160 1164 7.58702
1160 1170 670.332
1160 1305 1156.01
1160 1306 1155.86
1161 1156 967.983
1161 1157 1125.49
1161 1160 350.802
1161 1163 9.26515
1161 1170 573.861
1162 912 79.0297
1162 1149 56.5366
1162 1156 9.53599
1162 1163 967.724
1163 1161 9.26515
1163 1162 967.723
1163 1164 350.955
1163 1170 583.126
1164 1160 7.58702
1164 1163 350.955
1164 1165 13.1277
1164 1442 51.048
1164 1443 95.3677
1165 1164 13.1277
1165 1166 804.648
1165 1170 683.608
1165 1226 950.787
1165 1306 1163.54
1166 1165 804.648
1166 1167 144.998
1167 1166 144.998
1167 1444 178.811
1168 1086 18.6907
1168 1126 194.939
1168 1154 169.974
1168 1159 179.184
1169 1138 251.441
1169 1159 229.264
1169 1302 122.545
1169 1303 722.59
1170 1157 991.97
1170 1158 992.837
1170 1160 670.318
1170 1161 573.861
1170 1304 573.188
1171 1150 285.701
1172 1173 137.86
1173 1174 414.994
1173 1185 469.384
1174 1175 257.472
1174 1185 55.8925
1175 1176 137.167
1176 1177 61.5823
1176 1182 36.8422
1177 1178 581.699
1178 1171 104.995
1178 1179 82.1353
1179 1181 93.982
1179 1182 689.282
1180 1144 6.02699
1180 1181 40.6881
1181 1144 46.7125
1181 1179 93.982
1181 1180 40.6881
1182 1177 29.0527
1182 1179 689.282
1182 1183 199.286
1182 1184 104.235
1183 1175 29.4547
1183 1182 199.286
1183 1185 176.078
1183 1206 188.09
1184 1182 104.236
1184 1232 43.0336
1185 1174 55.8925
1185 1183 176.078
1185 1187 46.4045
1186 885 265.606
1186 1173 83.2066
1186 1187 505.675
1187 1185 46.4045
1188 1189 120.039
1188 1533 17.6742
1188 1584 122.504
1188 1624 115.96
1189 1188 120.039
1190 1189 342.125
1190 1191 191.785
1190 1638 48.762
1191 1190 191.785
1191 1625 29.7386
1191 1638 200.085
1192 1194 155.145
1193 1211 252.779
1193 1212 252.344
1193 1227 304.68
1193 1410 388.287
1194 1192 155.145
1194 1195 235.874
1194 1239 1070.19
1195 1194 235.874
1195 1237 239.186
1196 1172 416.266
1197 1198 240.028
1198 1199 132.873
1199 1196 54.8517
1199 1198 132.873
1199 1201 63.2053
1200 368 199.369
1200 1011 828.159
1200 1141 124.859
1200 1248 97.7359
1200 1252 1908.35
1201 885 198.831
1201 1199 63.2053
1202 1203 761.583
1202 1300 31.6169
1203 884 818.4
1203 1204 209.946
1204 1198 71.6302
1204 1201 264.849
1205 1118 59.2718
1205 1183 119.337
1205 1206 78.2819
1206 1205 78.2819
1206 1207 73.637
1207 1206 73.637
1207 1208 267.183
1207 1217 196.366
1208 884 1071.97
1208 1187 580.49
1208 1207 267.183
1208 1209 326.582
1209 1208 326.582
1209 1210 191.358
1209 1211 460.232
1210 1193 379.719
1210 1209 191.358
1210 1211 268.876
1211 1193 252.779
1211 1209 460.231
1211 1210 268.875
1211 1212 13.7021
1211 1227 51.9322
1212 1211 13.7021
1212 1213 734.534
1212 1226 52.0558
1212 1425 2098.35
1213 1510 27.9633
1213 1547 38.5989
1213 1560 266.726
1214 1215 408.44
1214 1412 587.308
1215 1214 408.44
1215 1216 89.3043
1216 1119 482.447
1216 1215 89.3043
1216 1230 268.827
1217 1121 407.003
1217 1218 282.783
1218 1209 115.817
1218 1217 282.783
1218 1219 290.466
1219 1218 290.466
1219 1413 42.3561
1220 1221 267.922
1220 1507 28.0145
1221 1222 99.9776
1221 1508 29.8446
1221 1559 130.643
1222 1221 99.9777
1222 1223 91.8165
1223 1222 91.8165
1223 1224 234.547
1223 1509 77.3866
1224 1223 234.547
1224 1225 41.3389
1225 1226 263.496
1226 1165 950.787
1226 1212 52.0558
1226 1225 263.496
1226 1227 12.6129
1227 1211 51.9322
1227 1212 53.9816
1227 1226 12.6129
1227 1228 381.235
1227 1229 612.46
1227 1443 855.657
1228 1163 956.357
1228 1229 231.229
1228 1443 938.979
1229 1215 80.6777
1229 1228 231.229
1229 1230 437.089
1230 1231 83.0324
1231 1184 91.7462
1231 1232 81.2678
1232 1120 48.4289
1233 1371 195.302
1233 1430 225.018
1234 1049 299.276
1234 1107 279.596
1235 689 2505.52
1235 1236 404.664
1236 1238 270.519
1236 1239 356.526
1237 1195 239.186
1237 1286 103.846
1238 1236 270.519
1238 1240 144.824
1239 1236 356.526
1239 1290 58.8391
1240 1107 32.6718
1240 1238 144.824
1240 1244 235.217
1241 1243 15.0108
1241 1428 256.77
1242 1197 239.385
1243 1241 15.0108
1243 1490 287.876
1244 1240 235.217
1244 1245 68.471
1245 1049 304.95
1245 1244 68.471
1245 1257 681.492
1246 1247 351.408
1246 1356 588.502
1247 1300 67.9258
1247 1311 23.283
1248 1257 484.442
1248 1277 123.255
1249 1246 270.511
1250 1287 172.574
1251 991 170.256
1251 993 276.123
1251 1257 70.9925
1252 1309 1258.39
1252 1314 140.478
1253 1252 1570.18
1253 1309 311.887
1254 983 64.256
1254 993 49.7706
1254 1251 253.5
1255 1256 102.279
1255 1289 85.3422
1256 1249 183.231
1256 1274 54.6684
1256 1276 28.234
1257 1245 681.492
1257 1248 484.442
1258 1259 561.529
1259 1260 340.348
1259 1305 53.3198
1260 1259 340.348
1260 1261 18.8662
1261 1260 18.8662
1261 1262 584.57
1261 1345 59.8174
1262 1263 21.3653
1263 1086 195.945
1263 1168 177.257
1264 1255 203.149
1265 1266 50.0019
1265 1273 51.9795
1266 1265 50.0019
1266 1267 68.476
1267 1266 68.476
1267 1268 41.2865
1268 1267 41.2864
1268 1269 33.9355
1269 1268 33.9355
1269 1270 125.606
1269 1271 160.756
1270 1269 125.606
1270 1271 35.7842
1271 1269 160.756
1271 1272 281.039
1271 1311 231.963
1272 1366 119.486
1273 1265 51.9795
1273 1269 244.343
1273 1275 39.5752
1274 1275 97.9629
1274 1276 28.2816
1275 1273 39.5752
1275 1274 97.9629
1276 1274 28.2816
1276 1289 207.629
1276 1358 751.565
1277 1248 123.255
1277 1253 119.165
1278 1279 322.187
1278 1280 445.979
1279 1280 124.714
1280 1281 321.471
1280 1525 532.528
1280 1540 933.987
1281 1282 638.959
1281 1401 800.883
1281 1525 550.015
1281 1596 1099.68
1282 1099 51.0285
1282 1283 1304.78
1282 1400 491.032
1282 1401 871.019
1283 1284 187.446
1284 1082 1646.71
1284 1285 950.521
1285 1090 149.422
1286 1237 103.846
1286 1290 437.423
1287 1288 35.4249
1288 1289 151.047
1289 1255 85.3422
1289 1274 235.457
1289 1276 207.629
1290 689 2356.82
1290 1239 58.8391
1290 1286 437.423
1291 1292 286.1
1292 1264 639.266
1292 1293 112.741
1293 1299 99.0314
1294 1295 16.0938
1294 1486 140.391
1295 1294 16.0938
1295 1432 58.232
1296 1320 140.288
1296 1321 232.224
1297 1298 100.495
1298 1291 34.5876
1298 1293 429.517
1298 1297 100.495
1299 1254 106.151
1300 1301 404.324
1301 1203 328.501
1301 1242 132.583
1302 1085 171.735
1302 1169 122.545
1302 1303 600.045
1302 1347 49.5346
1303 1169 722.588
1303 1302 600.044
1303 1304 22.1947
1303 1347 552.951
1304 1170 573.188
1304 1303 22.1947
1304 1305 338.361
1305 1157 1450.83
1305 1160 1156.01
1305 1170 665.365
1305 1259 53.3198
1305 1304 338.36
1305 1306 13.1676
1306 1305 13.1676
1306 1307 344.214
1307 1306 344.214
1307 1308 216.424
1308 1307 216.424
1308 1541 80.8439
1309 1252 1258.39
1309 1253 311.887
1310 940 56.1418
1310 1327 6.26276
1311 1202 17.6823
1311 1271 231.962
1312 1052 214.611
1312 1319 83.3015
1313 1291 754.658
1313 1297 622.898
1313 1317 424.518
1314 1052 120.281
1314 1252 140.478
1315 878 900.18
1315 1440 722.288
1316 1248 144.684
1316 1297 194.98
1316 1326 258.134
1317 1313 424.518
1317 1322 352.617
1318 1092 1514.25
1318 1338 1336.85
1318 1416 1466.37
1319 1038 648.914
1319 1312 83.3015
1319 1533 2382.66
1320 1296 140.288
1320 1325 121.329
1321 1296 232.224
1321 1322 250.77
1322 1317 352.617
1322 1321 250.77
1323 1324 137.766
1324 1325 212.742
1325 1320 121.329
1326 1316 258.133
1326 1395 1126.66
1327 1310 6.26276
1327 1337 55.2971
1328 1329 181.672
1328 1435 922.012
1328 1469 189.11
1329 1328 181.672
1329 1330 155.354
1330 1329 155.354
1330 1331 137.487
1331 1330 137.487
1331 1332 60.4768
1332 1331 60.4767
1332 1333 138.811
1333 1332 138.811
1333 1334 232.551
1334 1333 232.551
1334 1335 12.7387
1335 1336 335.536
1335 1523 935.212
1336 1326 1835.46
1336 1337 142.843
1337 1321 373.3
1337 1327 55.297
1337 1336 142.843
1338 1339 132.793
1339 1639 62.3072
1340 1341 63.377
1341 1342 977.388
1341 1623 240.121
1342 1343 1733
1343 19 16886.9
1343 183 6174.56
1343 1082 689.135
1343 1099 2569.3
1343 1468 4120.7
1344 1345 130.78
1344 1407 479.277
1345 1261 59.8175
1345 1344 130.78
1345 1346 492.137
1346 1069 145.61
1346 1262 41.3189
1346 1345 492.139
1347 1302 49.5346
1347 1348 505.875
1348 1303 49.7922
1348 1349 121.523
1349 1348 121.523
1349 1408 478.149
1350 1351 179.06
1351 1352 149.597
1352 1378 288.095
1353 893 198.416
1353 1140 209.997
1353 1389 150.828
1353 1390 59.9735
1354 1355 203.467
1355 1235 440.428
1356 1357 60.1659
1357 1374 393.171
1358 686 2068.31
1358 689 2916.73
1358 1270 716.166
1358 1276 751.54
1358 1359 374.079
1358 1374 688.858
1358 1376 1098.34
1359 1358 374.078
1359 1360 15.3877
1359 1361 151.31
1360 1359 15.3877
1360 1361 135.922
1361 1360 135.922
1361 1362 214.754
1362 1361 214.754
1362 1479 90.3826
1362 1480 102.613
1363 1103 47.8594
1363 1368 22.6624
1364 1099 1165.16
1364 1104 47.1099
1364 1415 2320.25
1364 1416 1355.06
1365 1386 26.1509
1365 1396 6.57792
1365 1397 11.9374
1366 1356 63.6076
1366 1374 515.856
1366 1376 1067.56
1367 1368 84.3943
1367 1373 258.894
1368 1363 22.6624
1368 1367 84.3945
1369 1370 234.319
1369 1824 10115.4
1369 1913 13915
1370 1155 203.136
1370 1369 234.322
1371 1233 195.302
1371 1446 192.705
1372 1373 300.178
1372 1385 90.6811
1373 1367 258.892
1373 1372 300.179
1374 1375 272.561
1374 1376 551.745
1375 1436 132.697
1375 1762 4832.47
1376 1377 18.4525
1376 1426 50.0216
1376 1472 47.7294
1377 1376 18.4525
1377 1425 49.4515
1377 1472 46.8069
1378 1404 256.06
1379 1625 16.9942
1379 1637 136.449
1380 1524 445.584
1381 1475 54.1272
1381 1476 38.0303
1382 1383 530.751
1382 1490 376.235
1383 1384 838.813
1385 1283 487.108
1385 1372 90.6811
1385 1417 129.717
1386 924 26.7978
1386 1365 26.1509
1386 1396 19.5745
1387 924 142.674
1387 1388 30.7432
1388 924 173.417
1388 1387 30.7432
1388 1389 294.342
1389 1353 150.828
1389 1387 325.085
1389 1388 294.342
1389 1390 90.8547
1390 1353 59.9735
1390 1388 385.196
1390 1389 90.8547
1391 1395 118.966
1391 1494 48.2983
1392 1494 26.3321
1392 1495 83.7659
1393 1394 73.2109
1393 1449 81.6577
1394 1393 73.2109
1394 1411 162.73
1394 1449 154.863
1395 1326 1126.66
1395 1391 118.966
1395 1406 189.376
1396 1365 6.57792
1396 1386 19.5745
1396 1397 18.5154
1397 1365 11.9374
1397 1396 18.5154
1397 1398 40.6073
1398 1099 327.363
1398 1282 378.39
1398 1365 52.5415
1398 1397 40.6073
1399 1354 437.959
1400 1282 491.031
1400 1401 379.987
1400 1402 907.686
1400 1416 926.018
1401 1400 379.986
1401 1402 527.699
1401 1525 472.667
1401 1596 699.255
1402 1400 907.682
1402 1401 527.697
1402 1403 19.5942
1402 1525 727.848
1402 1540 844.175
1402 1596 460.644
1403 1402 19.5942
1403 1415 894.686
1404 1405 100.804
1405 1384 376.364
1406 1395 189.376
1406 1409 79.7803
1406 1492 55.0006
1407 1344 479.276
1407 1468 75.5721
1408 1349 478.148
1408 1463 50.4626
1409 1406 79.7803
1409 1491 123.29
1409 1492 24.7797
1410 883 437.601
1410 1193 388.287
1411 1393 235.938
1411 1394 162.73
1411 1495 74.4744
1412 1214 587.307
1412 1493 58.6111
1413 1219 42.3561
1413 1414 545.477
1413 1421 1188.97
1414 1413 545.476
1414 1510 469.009
1415 1416 970.135
1415 1532 1210.34
1416 1318 1466.37
1416 1401 1021.22
1416 1417 477.564
1417 1385 129.717
1417 1416 477.566
1418 1409 157.749
1418 1420 80.5362
1418 1491 34.4585
1419 1315 913.31
1419 1452 167.459
1419 1488 141.703
1420 1418 80.5362
1420 1424 80.6365
1421 1422 98.8364
1422 1606 208.46
1423 1476 227.967
1423 1477 167.218
1423 1478 104.723
1424 1420 80.6365
1424 1427 73.9139
1425 1377 49.4515
1425 1426 16.529
1426 1354 601.742
1426 1376 50.0216
1426 1471 16.0357
1426 1472 96.7677
1427 1424 73.9139
1427 1429 77.7674
1428 1241 256.77
1429 1427 77.7674
1429 1431 76.0501
1430 1233 225.018
1430 1445 81.4661
1431 1429 76.0501
1431 1432 84.1314
1432 1295 58.232
1432 1431 84.1314
1433 1454 92.2226
1433 1486 95.8976
1434 1481 76.4864
1434 1482 38.7221
1435 1437 109.213
1436 1447 930.715
1437 1435 109.213
1437 1473 148.667
1438 1082 3339.27
1438 1338 2981.95
1438 1462 949.437
1439 1440 165.929
1439 1441 51.937
1439 1496 135.861
1440 1315 722.284
1440 1441 149.423
1441 1315 870.281
1441 1439 51.937
1441 1440 149.422
1441 1487 115.509
1441 1522 228.204
1441 1529 898.53
1442 1160 58.6337
1442 1443 44.3419
1443 1227 855.656
1443 1228 938.963
1443 1442 44.3419
1444 1222 811.897
1444 1556 224.127
1445 883 277.262
1445 1212 1355.27
1445 1233 306.478
1445 1430 81.4661
1446 1371 192.705
1446 1470 14.0442
1447 1587 157.875
1448 1449 82.3458
1448 1496 83.7375
1449 1393 81.6577
1449 1448 82.3458
1450 1451 74.8596
1450 1453 73.1854
1451 1450 74.8596
1451 1479 21.1154
1452 1328 320.931
1452 1419 167.459
1452 1469 131.849
1453 1450 73.1854
1453 1478 36.1455
1454 1433 92.2226
1454 1485 20.5485
1455 1456 395.99
1455 1598 163.183
1456 1455 395.99
1456 1457 192.116
1456 1555 646.375
1456 1564 678.44
1457 1456 192.116
1457 1458 88.002
1458 1457 88.002
1458 1459 197.368
1458 1575 601.92
1459 1458 197.368
1459 1460 475.241
1459 1555 169.573
1460 1459 475.24
1460 1461 217.279
1461 1460 217.279
1461 1462 130.229
1462 1279 69.4008
1462 1438 949.463
1462 1461 130.229
1463 1307 116.445
1463 1408 50.4626
1463 1464 49.3158
1464 1463 49.3158
1464 1465 312.956
1464 1489 181.92
1465 1464 312.955
1465 1466 100.444
1465 1544 122.234
1466 1465 100.444
1466 1549 131.098
1467 1468 436.51
1467 1550 129.88
1468 1407 75.5721
1468 1467 436.511
1469 1328 189.11
1469 1452 131.849
1470 1446 14.0442
1470 1471 19.1247
1471 1426 16.0357
1471 1470 19.1247
1472 1376 47.7295
1472 1377 46.8069
1472 1474 46.4399
1473 1497 446.853
1474 1472 46.4399
1474 1475 51.6724
1475 1381 54.1272
1475 1474 51.6724
1475 1476 92.1559
1476 1381 38.0303
1476 1423 227.967
1476 1477 60.749
1477 1423 167.218
1477 1476 60.749
1478 1423 104.723
1478 1453 36.1455
1479 1362 90.3826
1479 1451 21.1154
1480 1362 102.613
1480 1434 151.496
1480 1481 75.0337
1481 1434 76.4864
1481 1480 75.0337
1481 1482 115.204
1482 1434 38.7221
1482 1481 115.204
1482 1483 50.0907
1482 1484 176.404
1483 1482 50.0907
1483 1484 126.313
1484 1483 126.313
1484 1485 64.4269
1485 1454 20.5485
1485 1484 64.4269
1486 1294 140.391
1486 1433 95.8976
1487 1440 166.234
1487 1441 115.509
1487 1488 89.8547
1488 1419 141.703
1488 1487 89.8547
1489 1534 357.39
1490 1243 287.876
1490 1382 376.235
1491 1409 123.29
1491 1418 34.4585
1492 1406 55.0006
1492 1409 24.7797
1493 1225 87.0693
1493 1412 58.6111
1493 1509 114.002
1494 1391 48.2983
1494 1392 26.3321
1494 1395 167.264
1495 1392 83.766
1495 1394 237.203
1495 1411 74.4744
1496 1439 135.861
1496 1441 187.798
1496 1448 83.7375
1497 1428 106.166
1498 1499 45.0177
1498 1690 470.236
1499 1498 45.0177
1499 1500 331.958
1499 1664 89.4061
1500 1499 331.959
1500 1501 90.6283
1500 1667 73.4566
1501 1500 90.6284
1501 1502 267.989
1501 1668 51.9752
1502 1501 267.989
1502 1503 228.67
1502 1646 26.2041
1503 1502 228.67
1503 1504 140.317
1503 1617 32.475
1504 1503 140.317
1504 1505 258.059
1504 1620 45.1629
1505 1504 258.059
1505 1506 182.229
1505 1621 70.1227
1506 1220 386.489
1506 1421 515.992
1506 1505 182.229
1506 1507 410.788
1507 1506 410.789
1507 1508 218.128
1508 1221 29.8447
1508 1507 218.128
1508 1509 292.804
1509 1223 77.3867
1509 1493 114.002
1509 1508 292.804
1510 1414 469.009
1510 1511 211.865
1511 1510 211.865
1511 1512 331.017
1511 1560 33.1825
1512 1511 331.016
1512 1513 267.916
1512 1609 38.6395
1513 1512 267.916
1513 1514 308.071
1513 1611 78.0496
1514 1513 308.071
1514 1515 98.3682
1515 1514 98.3682
1515 1516 211.278
1516 1515 211.278
1516 1517 296.588
1516 1666 516.248
1516 1669 366.174
1517 1518 354.713
1517 1669 70.4979
1517 1670 208.064
1518 1517 354.712
1518 1519 90.808
1519 1518 90.8079
1519 1692 467.131
1520 1328 15.4405
1520 1521 188.061
1520 1523 14.9684
1520 1530 181.359
1521 1441 647.244
1521 1522 419.09
1521 1526 188.565
1521 1530 261.918
1522 1441 228.204
1522 1521 419.09
1523 1520 14.9684
1523 1531 195.321
1524 1523 346.438
1524 1531 151.117
1524 1533 957.502
1525 1281 550.007
1525 1401 472.667
1525 1402 727.874
1525 1596 552.657
1526 1520 263.033
1526 1521 188.565
1526 1530 184.496
1527 1528 510.531
1527 1637 644.175
1528 1527 510.532
1528 1529 680.972
1529 1528 680.973
1529 1530 137.124
1530 1520 181.359
1530 1521 261.921
1530 1526 184.496
1530 1529 137.124
1531 1520 210.289
1531 1523 195.321
1532 1338 477.594
1532 1342 521.429
1532 1415 1210.34
1533 95 9415.54
1533 1188 17.6742
1533 1191 652.811
1534 1535 85.5512
1535 1461 257.605
1536 1537 257.353
1536 1685 242.552
1537 1536 257.353
1537 1538 467.284
1537 1539 535.052
1538 1537 467.286
1538 1539 67.7745
1539 92 9553.58
1539 1384 1355.9
1539 1538 67.7745
1540 1402 844.175
1540 1596 383.531
1540 1616 653.082
1541 1308 80.8441
1541 1546 49.1446
1541 1558 1907.16
1542 1543 47.2604
1543 1258 104.359
1543 1546 92.9629
1544 1465 122.235
1544 1546 35.4893
1544 1551 92.4179
1545 1425 902.224
1545 1447 463.026
1546 1541 49.1445
1546 1544 35.4894
1547 1213 38.5989
1547 1561 100.861
1548 1542 114.89
1549 1466 131.098
1549 1575 434.829
1550 1467 129.88
1550 1566 130.825
1551 1544 92.4179
1551 1562 12.8868
1552 1460 128.323
1552 1553 30.4047
1552 1554 61.5019
1553 1548 91.5495
1553 1554 31.4347
1554 1278 167.979
1554 1553 31.4347
1555 1552 179.651
1556 1557 291.388
1556 1558 342.78
1557 1558 51.3921
1558 1559 149.14
1559 1222 228.211
1559 1565 94.5988
1560 1607 94.0897
1561 1547 100.861
1561 1591 178.326
1562 1551 12.8868
1562 1555 67.4903
1562 1564 118.633
1562 1599 378.255
1563 1698 332.77
1563 1700 369.245
1564 1562 118.633
1564 1599 262.344
1565 1561 29.4226
1566 1550 130.825
1566 1574 178.945
1567 1568 135.433
1568 1569 124.617
1569 1570 72.8106
1570 1571 1139.02
1570 1653 68.5648
1571 1572 306.06
1572 1548 546.444
1572 1554 586.871
1572 1573 114.132
1573 1534 450.49
1573 1572 114.132
1573 1574 105.838
1574 1566 178.945
1574 1573 105.838
1575 1549 434.828
1575 1576 283.502
1576 1575 283.501
1576 1577 51.5408
1577 1578 74.2927
1577 1579 478.954
1578 1579 404.662
1578 1602 61.8073
1579 1580 563.652
1580 1581 158.522
1581 1582 198.017
1582 1583 137.666
1582 1659 1280.68
1582 1709 339.031
1582 1743 713.705
1583 1702 17.3265
1584 1624 6.56298
1585 1586 194.416
1586 1588 295.609
1587 1585 377.159
1587 1588 866.172
1587 1593 1552.23
1588 1590 353.383
1589 1399 1253.72
1589 1615 64.3922
1590 1591 134.185
1590 1597 1033.75
1591 1592 178.626
1592 1220 143.388
1592 1597 721.798
1592 1605 119.964
1593 1607 79.3479
1594 1595 13.6176
1594 1631 676.856
1594 1633 506.375
1594 1636 187.133
1595 1160 1655.47
1595 1555 889.035
1595 1564 805.144
1595 1594 13.6176
1595 1632 634.204
1596 1401 699.279
1596 1402 460.644
1596 1525 552.655
1596 1540 383.531
1596 1630 24.225
1597 1598 230.642
1598 1455 163.183
1598 1597 230.642
1599 1564 262.343
1599 1600 219.782
1600 1599 219.782
1600 1601 26.1916
1601 1576 100.443
1601 1600 26.1916
1601 1602 284.953
1602 1601 284.952
1602 1603 83.2641
1603 1602 83.2641
1603 1604 186.953
1603 1635 611.339
1604 1603 186.953
1604 1647 109.738
1605 1593 25.8519
1606 1597 136.422
1607 1512 207.071
1607 1593 79.3475
1607 1608 150.587
1608 1512 58.2821
1608 1609 21.0156
1609 1608 21.0156
1609 1610 257.545
1610 1611 121.481
1611 1513 78.0498
1611 1612 163.266
1612 1514 70.8734
1612 1611 163.266
1612 1613 29.8113
1613 1612 29.8113
1613 1614 101.118
1614 1515 40.3221
1614 1669 613.422
1615 1545 115.823
1616 1540 653.082
1616 1574 396.52
1616 1632 36.9003
1617 1503 32.4749
1617 1614 48.0745
1617 1618 97.2096
1618 1617 97.2096
1618 1619 39.6948
1619 1618 39.6948
1619 1620 17.6828
1620 1504 45.1628
1620 1619 17.6828
1620 1621 148.518
1621 1160 1897.81
1621 1220 635.646
1621 1505 70.1225
1621 1620 148.518
1622 1532 279.801
1623 1318 1165.87
1623 1622 363.018
1624 1188 115.96
1624 1533 133.633
1624 1584 6.56298
1625 1190 192.242
1625 1191 29.7386
1625 1379 16.9942
1625 1637 153.439
1625 1638 207.587
1626 1627 170.497
1627 1589 432.906
1629 1401 611.007
1629 1402 302.122
1630 1403 461.606
1630 1596 24.225
1631 1630 1036.14
1631 1633 170.512
1632 1540 689.978
1632 1594 639.614
1632 1595 634.204
1632 1616 36.9003
1633 1631 170.512
1634 1635 100.316
1634 1636 374.507
1634 1650 628.851
1635 1634 100.316
1635 1636 274.198
1636 1594 187.133
1636 1635 274.199
1637 1379 136.449
1637 1533 670.159
1637 1625 153.439
1638 1188 461.612
1638 1189 341.589
1638 1190 48.762
1638 1191 200.086
1639 1644 353.458
1640 1340 61.3917
1640 1643 429.607
1641 1626 241.145
1642 1643 912.018
1643 1640 429.608
1644 1645 754.508
1644 1841 5223.64
1645 1563 5115.36
1645 1688 4039.07
1645 1841 4469.36
1645 1903 8620.61
1646 1502 26.204
1646 1617 279.184
1646 1661 116.425
1647 1604 109.738
1647 1650 217.352
1648 1649 33.4395
1649 1634 568.729
1650 1581 470.242
1650 1647 217.352
1650 1678 1007.31
1651 1652 15.1587
1652 1568 44.0091
1652 1653 307.132
1653 1571 1071.81
1654 1660 178.518
1654 1779 189.061
1655 1641 303.246
1656 1648 85.7688
1656 1657 222.523
1657 1656 222.523
1657 1658 280.423
1658 1657 280.423
1658 1659 483.405
1659 1658 483.405
1659 1660 873.708
1659 1711 965.438
1659 1714 3169.04
1660 1654 178.518
1660 1659 873.707
1660 1706 703.212
1660 1708 906.647
1661 1646 116.425
1661 1668 79.5846
1662 1663 83.0708
1663 1664 50.4077
1664 1499 89.4059
1664 1663 50.4077
1664 1665 63.4667
1665 1664 63.4667
1665 1666 30.0749
1666 1665 30.0749
1666 1667 79.5739
1666 1668 291.401
1667 1500 73.4564
1667 1501 163.094
1667 1666 79.574
1667 1668 211.83
1668 1661 79.5845
1668 1667 211.831
1669 1670 138.407
1670 1669 138.407
1670 1671 54.1602
1671 1672 23.9185
1672 1518 71.2854
1672 1673 158.202
1673 1689 470.597
1674 1675 222.538
1674 1708 635.046
1674 1766 57.6409
1675 1674 222.538
1675 1676 361.994
1676 1677 295.511
1677 1709 436.693
1677 1728 124.566
1678 1679 403.548
1679 1765 305.977
1680 1681 301.828
1681 1627 932.788
1681 1655 217.912
1682 1683 282.982
1683 1527 979.553
1683 1682 282.983
1684 1685 613.082
1684 1742 399.951
1685 1536 242.552
1685 1684 613.084
1686 1687 65.2271
1687 1545 1898.06
1687 1615 1782.24
1687 1627 1286.88
1687 1680 53.6837
1688 1693 312.132
1688 1700 732.337
1688 1716 1164.06
1689 1711 77.7695
1690 1498 470.234
1690 1749 36.9099
1691 1662 470.319
1692 1519 467.13
1692 1744 316.172
1693 1688 312.132
1693 1700 420.212
1694 1659 1298.27
1694 1695 76.148
1695 1651 17.8917
1696 1712 219.547
1697 1686 444.388
1697 1696 1279.27
1698 1563 332.77
1700 551 7202.27
1700 1563 369.245
1700 1688 732.337
1700 1693 420.212
1701 1567 17.9675
1702 1704 177.035
1703 1701 177.703
1704 1719 18.5778
1705 1694 162.291
1706 1634 1938.11
1706 1679 647.715
1706 1707 288.174
1706 1765 570.601
1707 1706 288.174
1707 1708 311.033
1707 1766 652.201
1708 1660 906.615
1708 1707 311.033
1708 1766 577.538
1709 1705 21.8629
1710 1663 603.355
1710 1691 51.3315
1710 1711 60.1221
1711 1750 10.7712
1712 1778 368.235
1713 1755 1317.8
1713 1785 334.384
1714 1762 1466.5
1715 1642 99.7901
1716 1643 3055.3
1716 1688 1164.07
1717 1718 283.635
1717 1776 375.476
1718 1680 620.186
1718 1697 59.1306
1719 1730 127.385
1720 1703 16.8588
1720 1729 123.801
1721 1722 278.444
1722 1721 278.44
1722 1723 1617.54
1723 1722 1617.41
1723 1724 525.278
1723 1807 1806.78
1724 1723 525.265
1724 1725 426.18
1725 1724 426.173
1725 1726 256.307
1726 1725 256.307
1726 1727 113.612
1727 1674 762.639
1727 1726 113.613
1727 1728 1765.6
1728 1727 1765.61
1728 1729 177.529
1729 1709 136.511
1729 1720 123.801
1729 1728 177.529
1730 1731 170.117
1731 1732 1842.17
1731 1733 2965.25
1731 1743 66.9633
1732 1733 1165.74
1732 1807 2052.08
1733 1732 1165.79
1733 1734 112.011
1734 1829 1795.94
1735 1736 271.892
1736 1737 632.315
1737 1738 271.843
1738 1739 1257.07
1739 1740 265.043
1740 1741 543.299
1741 1715 117.896
1742 1684 399.95
1742 1775 14.8163
1743 1679 28.7822
1744 1692 316.171
1744 1745 47.8921
1745 1744 47.8921
1745 1752 49.3755
1745 1793 2428.08
1745 1807 4816.76
1746 1747 52.4415
1746 1777 937.282
1747 1746 52.4415
1747 1748 49.7394
1748 1747 49.7394
1748 1749 278.234
1748 1760 48.2431
1749 1690 36.9099
1749 1748 278.235
1749 1761 64.3576
1750 1711 10.7712
1750 1751 189.477
1750 1753 390.841
1751 1744 40.8245
1751 1750 189.477
1751 1752 131.946
1752 1751 131.946
1752 1753 69.471
1752 1754 260.189
1752 1767 431.11
1753 1752 69.471
1753 1754 190.728
1753 1767 425.749
1753 1769 463.859
1754 1752 260.189
1754 1753 190.727
1754 1755 580.435
1754 1758 44.4988
1754 1767 470.56
1754 1769 428.105
1755 1713 1317.8
1755 1754 580.434
1755 1757 41.4492
1755 1785 1652.16
1755 1793 1562.24
1756 1757 534.84
1756 1792 210.342
1757 1660 1035.52
1757 1708 1547.26
1757 1758 579.985
1758 1754 44.4988
1758 1759 276.097
1758 1779 488.388
1759 1747 31.8279
1759 1758 276.098
1759 1760 123.712
1760 1761 170.984
1761 1710 47.5921
1761 1749 64.3574
1761 1759 294.695
1761 1760 170.984
1762 1763 774.774
1762 1780 493.757
1762 1781 312.412
1763 1764 104.04
1764 1697 355.193
1765 1674 608.019
1765 1706 570.601
1765 1766 601.308
1766 1674 57.6409
1766 1708 577.538
1767 1752 431.111
1767 1753 425.749
1767 1754 470.564
1767 1768 109.295
1768 1767 109.295
1768 1769 79.6262
1769 1754 428.105
1769 1768 79.6262
1769 1770 123.225
1770 1771 216.299
1771 1696 313.156
1771 1713 794.058
1771 1754 767.566
1772 1773 71.1258
1772 1783 48.4456
1773 1772 71.1258
1773 1774 433.214
1774 1773 433.209
1774 1775 123.731
1775 1742 14.8163
1775 1774 123.731
1776 1717 375.475
1776 1781 204.764
1777 1746 937.278
1777 1792 219.895
1778 1763 542.291
1779 1654 189.061
1779 1758 488.388
1780 1762 493.757
1780 1778 550.073
1780 1785 18.4308
1781 1776 204.764
1782 1783 35.9662
1783 1772 48.4456
1783 1782 35.9662
1784 92 12651.5
1784 1787 259.014
1785 1713 334.384
1785 1780 18.4308
1786 1787 89.0294
1786 1797 327.292
1787 1784 259.013
1787 1786 89.0295
1788 1789 506.812
1788 1798 220.95
1789 1788 506.799
1789 1790 217.818
1789 1801 33.3779
1790 1789 217.816
1790 1791 158.631
1791 1790 158.63
1791 1792 676.746
1791 1807 3822.83
1792 1777 219.895
1792 1791 676.744
1793 1794 1174.99
1794 1793 1175.06
1794 1835 69.3242
1796 1795 163.982
1797 1786 327.291
1797 1813 75.9708
1798 1799 133.931
1799 1800 110.982
1800 1801 71.7069
1801 1802 147.769
1801 1803 377.926
1802 1790 44.4743
1802 1803 231.332
1803 1756 447.864
1803 1802 231.329
1804 1805 287.89
1805 1806 867.902
1806 1820 253.322
1807 1834 62.086
1808 1809 230.662
1809 1810 43.9242
1810 1811 72.5416
1811 1682 2444.4
1811 1816 129.499
1812 1813 210.297
1812 1819 241.095
1813 1787 492.287
1813 1797 75.9707
1813 1812 210.298
1814 1815 130.375
1815 1814 130.375
1815 1817 120.984
1816 1814 47.6234
1817 1815 120.984
1819 1812 241.095
1819 1827 913.448
1820 1725 543.859
1820 1733 586.574
1821 1822 638.07
1821 1904 163.36
1822 1821 638.075
1822 1823 44.2671
1823 1822 44.2672
1823 1824 226.063
1824 1823 226.065
1824 1876 216.558
1825 1826 117.933
1826 1825 117.934
1826 1827 357.363
1827 1819 913.432
1827 1826 357.369
1828 1735 800.505
1828 1837 678.229
1829 1830 318.85
1829 1903 4649.86
1830 1858 132.416
1831 1836 218.786
1832 1804 53.5043
1833 1832 662.308
1834 1841 2096.71
1835 1794 69.3245
1835 1838 46.3499
1836 1833 36.1385
1837 1831 501.65
1838 1835 46.35
1838 1839 107.396
1839 1788 1177.1
1839 1838 107.397
1839 1840 42.5325
1840 1839 42.5326
1840 1842 26.5161
1841 1846 39.9206
1842 1840 26.5161
1842 1847 626.183
1843 1828 51.2081
1843 1844 113.735
1844 1843 113.735
1844 1845 184.674
1845 1844 184.673
1845 1848 588.183
1846 1855 1219.78
1847 1842 626.202
1847 1849 93.4721
1848 1845 588.17
1848 1850 82.9774
1849 1825 9941.72
1849 1847 93.4723
1849 1863 2142.7
1850 1848 82.977
1850 1851 218.945
1851 1850 218.943
1852 1721 70.8917
1853 1851 75.7296
1854 1852 102.174
1855 1857 1706.39
1856 1853 1680.06
1857 1868 40.6978
1858 1859 184.777
1859 1860 23.9986
1860 1867 129.009
1861 1862 440.957
1861 1869 119.982
1862 1762 5182.38
1862 1838 2729.42
1862 1854 809.78
1863 1864 150.604
1864 1721 586.23
1864 1865 564.581
1865 1866 532.119
1866 1870 127.667
1867 1863 115.571
1868 1875 92.0127
1869 1861 119.982
1869 1872 724.9
1870 1873 725.5
1871 1877 1527.6
1872 1869 724.877
1872 1900 364.363
1873 1901 1014.64
1874 1856 142.247
1875 1880 1271.62
1876 1877 378.858
1876 1882 107.735
1877 1824 590.366
1877 1876 378.858
1878 1879 913.179
1879 1874 959.591
1880 1881 596.092
1881 1893 84.1081
1882 1876 107.735
1882 1883 71.2081
1883 1882 71.2081
1883 1884 898.34
1884 1883 898.34
1884 1887 526.176
1885 1886 490.297
1886 1823 543.095
1887 1884 526.176
1887 1888 817.022
1888 1887 817.022
1888 1891 1486.13
1889 1885 529.635
1890 1889 806.919
1891 1878 87.8139
1892 1890 33.7885
1893 1894 105.976
1894 1895 126.185
1895 1892 1228.69
1896 1897 1879.26
1896 1935 982.651
1897 1896 1879.43
1897 1898 1781.65
1898 1735 5135.59
1898 1897 1781.79
1898 1899 1790.43
1899 1898 1790.56
1899 1900 446.567
1900 1872 364.358
1900 1899 446.576
1901 1902 187.835
1902 1911 3655.66
1902 1931 10002.1
1903 1735 5025.12
1903 1837 4301.55
1903 1917 8176.99
1904 1821 163.36
1904 1905 2659.25
1905 1904 2659.15
1905 1914 226.686
1905 1917 4433.56
1906 1907 211.22
1906 1923 1088.04
1907 1906 211.219
1907 1919 763.398
1908 1909 220.637
1908 1918 774.231
1909 1910 2424.05
1910 406 15711.8
1911 1912 1386.12
1912 1936 652.97
1913 1904 2774.48
1913 1905 172.703
1914 1913 152.882
1914 1917 4343.99
1915 1916 580.108
1915 1942 1554.86
1916 1915 580.101
1916 1917 790.084
1916 1933 3337.1
1917 1903 8174.84
1917 1914 4344.66
1917 1916 790.058
1918 1908 774.227
1918 1922 94.5481
1919 1907 763.395
1919 1923 118.387
1920 1967 49.527
1920 1979 97.1983
1921 1939 619.893
1921 1949 4244.41
1922 1909 1084.74
1922 1918 94.5482
1922 1931 85.4126
1923 1924 183.162
1924 1925 1051.95
1925 1926 1651.75
1926 1927 164.519
1927 1944 897.844
1928 1929 244.575
1929 1930 1577.46
1930 1929 1577.47
1930 1931 1160.43
1931 1922 85.4126
1931 1930 1160.42
1932 1945 1977.69
1933 1934 826.487
1934 1935 824.567
1935 1896 982.607
1935 1934 824.596
1936 1937 1138.7
1937 1938 850.158
1938 1916 3353.92
1938 1940 1106.63
1939 1921 619.893
1939 1978 1491.11
1940 1941 126.282
1941 1932 282.303
1942 1915 1554.84
1943 1928 906.612
1944 1947 990.497
1945 1956 204.057
1946 1929 1284.05
1946 1943 135.168
1947 1948 215.303
1948 1955 787.658
1949 1950 211.15
1950 1946 517.854
1951 1952 1027.34
1952 1953 386.502
1953 1954 254.93
1955 1959 771.342
1956 1957 325.929
1957 1958 245.479
1958 1960 1242.39
1959 1962 928.735
1960 1963 344.262
1961 1933 5147.56
1962 1964 647.701
1963 1961 929.33
1964 1968 654.502
1965 1966 301.586
1966 1921 48.6761
1967 1920 49.527
1967 1980 115.217
1968 1965 113.925
1968 1982 1971.23
1969 1971 1570.51
1970 1971 582.332
1970 1974 54.5566
1971 1969 1570.5
1971 1970 582.333
1972 1973 67.9346
1972 1975 2517.71
1973 1972 67.9347
1973 1974 119.114
1974 1970 54.5566
1974 1973 119.114
1975 1972 2517.59
1976 1977 3432.72
1977 1972 2645.72
1977 1975 129.14
1977 1976 3432.77
1978 1939 1491.12
1978 1979 313.051
1979 1920 97.1983
1979 1978 313.052
1980 1981 112.168
1981 1982 81.7605
1982 1983 52.4845
1983 1984 417.874
1984 1986 423.185
1985 1920 1185.91
1985 1949 6756.84
1985 1979 1162.7
1986 1987 193.794
1987 1988 841.951
1988 1989 423.34
1988 1990 895.338
1989 1988 423.34
1989 1991 61.7641
1990 1991 410.244
1990 1992 1799.79
1991 1989 61.7641
1991 1990 410.244
1992 1990 1799.79
1992 1993 373.384
1993 1992 373.382
1993 1994 259.822
1994 1993 259.82
1994 1995 35.8155
1994 1996 939.078
1995 1994 35.8155
1995 1996 903.359
1996 1995 903.329
1996 1997 286.845
1996 1999 4025.09
1997 1998 64.5089
1998 1997 64.5087
1998 1999 3674.08
1999 2000 372.892
2000 2001 405.251
2001 2000 405.247
2001 2002 494.399
2002 2001 494.393
2002 2004 17.515
2003 2007 1271.31
2004 2002 17.515
2004 2006 220.562
2005 1985 10800.9
2005 2006 89.8997
2005 2010 167.098
2006 2004 220.561
2006 2005 89.8999
2007 2003 1271.39
2007 2008 222.077
2008 2007 222.077
2008 2009 307.689
2008 2010 593.242
2009 2008 307.689
2009 2010 515.969
2010 2005 167.098
2010 2007 728.548
2010 2009 515.974