2011
0 39.94864410 116.12485050
1 39.94482940 116.13063610
2 39.93976080 116.13592180
3 39.93862870 116.13879890
4 39.92340620 116.15480090
5 40.08847660 116.11532360
6 39.89097470 116.17625210
7 39.92331260 116.15799510
8 39.92324260 116.16556900
9 39.92324210 116.16576680
10 39.89101590 116.17722150
11 39.92353380 116.18042480
12 39.90620080 116.24525750
13 39.90619420 116.23925550
14 39.99144250 116.20400170
15 39.99273600 116.20359180
16 39.96955430 116.25866300
17 39.97217800 116.25644550
18 39.97188200 116.24005640
19 39.91981150 116.20573550
20 39.92350790 116.21677950
21 39.92354970 116.21570060
22 39.92351020 116.21278570
23 39.92349430 116.21160090
24 39.92349230 116.20933510
25 39.99235480 116.20940050
26 39.99177760 116.21486500
27 39.91282280 116.26795460
28 39.90628410 116.26767970
29 39.90227200 116.26764740
30 39.89598530 116.25855340
31 39.91025930 116.20487680
32 39.89556400 116.25854460
33 39.92306650 116.26166790
34 40.14435540 116.25276510
35 40.16491490 116.23864410
36 40.16984810 116.23700610
37 40.16384380 116.23896050
38 40.14424350 116.25257410
39 39.86681740 116.25720370
40 39.87077870 116.26548140
41 39.87212920 116.26817020
42 39.86283930 116.25850140
43 39.86380650 116.26047370
44 39.86416380 116.26099070
45 39.87164460 116.27269460
46 39.86474360 116.25854080
47 39.86400460 116.26506780
48 39.94550260 116.26784710
49 39.94566590 116.26785230
50 39.87096030 116.25830720
51 39.87095970 116.25864190
52 39.90629070 116.26834920
53 39.88829060 116.25865900
54 39.88841650 116.25867460
55 39.87959530 116.25864190
56 39.89144970 116.25870840
57 39.89898290 116.25862200
58 39.88902290 116.25868140
59 39.85961700 116.25909310
60 39.85917830 116.25687990
61 40.14088540 116.25536830
62 40.14042310 116.25574040
63 40.13637210 116.25911980
64 40.13348610 116.26161910
65 39.86638270 116.25732690
66 39.86593810 116.25843870
67 39.86912840 116.25841870
68 39.86788990 116.25847020
69 39.86894370 116.25842640
70 39.86524100 116.25842940
71 39.86572180 116.27629070
72 39.86695930 116.25847480
73 39.92308210 116.26330620
74 40.12013480 116.26435650
75 40.13225610 116.26213970
76 39.92307060 116.26408440
77 39.93992100 116.26779150
78 40.12959270 116.26231620
79 40.11758590 116.26672910
80 39.95569090 116.26928580
81 39.94949560 116.26881530
82 39.95263190 116.26932740
83 39.92314280 116.27547870
84 39.92311290 116.27138600
85 39.92307370 116.26833680
86 39.92306720 116.26520160
87 39.95998520 116.26885150
88 39.93944860 116.26779330
89 39.93632370 116.26787820
90 39.89887610 116.26787970
91 39.89224500 116.26784990
92 39.86395000 116.27225000
93 39.86415160 116.26718200
94 40.11482940 116.27009460
95 39.89354230 116.26785090
96 39.93011170 116.26858120
97 39.92091370 116.26899920
98 39.96511480 116.26871360
99 39.97054620 116.27205920
100 39.96674120 116.26857080
101 39.96776580 116.26922580
102 39.89731720 116.26789450
103 39.87807840 116.27046650
104 39.87494730 116.27166680
105 39.90862250 116.26789450
106 39.91386510 116.26828580
107 39.91354700 116.26821210
108 39.86764850 116.27530720
109 39.87018460 116.27366080
110 39.92607110 116.26905550
111 39.88240760 116.26911700
112 39.89176620 116.26813000
113 39.96015790 116.26903580
114 39.95864400 116.26920060
115 39.92955990 116.26887460
116 39.92934870 116.26890080
117 39.89733690 116.26816060
118 39.89807280 116.26816360
119 39.90859620 116.26816920
120 39.87222340 116.26879970
121 39.91349740 116.26849420
122 39.91383550 116.26855950
123 39.91170500 116.26842030
124 39.92076720 116.26899440
125 39.91940020 116.26900440
126 39.92938610 116.26913720
127 39.92966150 116.26911200
128 39.93927010 116.26828450
129 39.96989680 116.27100730
130 39.93038940 116.26924950
131 39.93127100 116.26913890
132 39.93630900 116.26860910
133 39.91916310 116.26919560
134 39.87542920 116.27190320
135 39.87810280 116.27069720
136 39.92521730 116.26905850
137 39.92558870 116.26907070
138 39.87501970 116.27182990
139 39.92560500 116.26933510
140 39.92643790 116.26932780
141 39.92014810 116.26924700
142 39.92481570 116.26934200
143 39.96979850 116.27118560
144 40.11417980 116.27098990
145 40.10930950 116.27746500
146 39.97244090 116.27611280
147 40.09394520 116.29188650
148 40.09765740 116.28909890
149 40.10953210 116.27745180
150 39.97228590 116.27619100
151 39.87157040 116.27300710
152 39.87160750 116.27320320
153 39.80324510 116.28007500
154 39.86458270 116.27737390
155 39.86609140 116.27684180
156 39.86069800 116.27720360
157 39.98087770 116.28599760
158 40.01435850 116.28079680
159 39.82851160 116.28363940
160 39.82851270 116.28372310
161 39.80408360 116.27969940
162 39.74129230 116.33323970
163 39.97678320 116.28198000
164 39.97467480 116.27964310
165 39.97438700 116.27925620
166 40.05675320 116.31985980
167 39.76861540 116.29641900
168 39.76355150 116.29962460
169 39.76289060 116.29933810
170 39.98404780 116.30186170
171 39.98392850 116.29813740
172 39.98384970 116.29560790
173 39.98349040 116.29180850
174 39.98175340 116.28800700
175 39.98352520 116.29365600
176 39.98371890 116.29726410
177 39.98387350 116.30187120
178 40.02503530 116.30742790
179 39.97718330 116.28236960
180 39.85075310 116.27753700
181 39.85236690 116.27757820
182 39.85462720 116.27735100
183 40.01311160 116.28109910
184 40.09759160 116.28891450
185 40.09391100 116.29173400
186 39.84395260 116.27789980
187 39.83059890 116.28503410
188 39.83501100 116.28133480
189 39.83940700 116.28037350
190 39.84039210 116.28008050
191 39.84706240 116.27785230
192 39.84777430 116.27783410
193 39.85006760 116.27779280
194 39.83029860 116.28439480
195 39.79625260 116.28403140
196 39.77673200 116.28948510
197 39.77566620 116.29037870
198 39.77476580 116.29113360
199 39.77426210 116.29155600
200 39.77222560 116.29329430
201 39.77101130 116.29433510
202 39.79873370 116.28260800
203 39.80437300 116.28057080
204 39.80471280 116.28159440
205 39.80517310 116.28283220
206 39.80547270 116.28363000
207 40.01157920 116.28133960
208 39.82621200 116.28372110
209 39.83545440 116.28616890
210 39.83523790 116.28380840
211 40.00762810 116.28193340
212 40.00270650 116.28268570
213 39.98417910 116.29954440
214 39.98416910 116.29932980
215 39.98320050 116.29020010
216 39.82945030 116.28424320
217 39.98241190 116.29059810
218 39.98288100 116.29380520
219 39.98297630 116.29450590
220 39.98302160 116.29483920
221 39.98363880 116.29938970
222 39.98364540 116.29953920
223 39.98372430 116.30198350
224 39.98373140 116.30219360
225 39.98377820 116.30321510
226 39.98378230 116.30338960
227 39.98380370 116.30460930
228 39.98380400 116.30474210
229 39.98381300 116.30609200
230 39.98385840 116.30748560
231 39.98386450 116.30767960
232 39.98394040 116.31012950
233 39.98395220 116.31037220
234 39.99983440 116.28377100
235 39.82621480 116.28382120
236 39.82383190 116.28392940
237 39.83194210 116.28598940
238 39.83413370 116.28637380
239 39.83000640 116.28506930
240 39.82940410 116.29836810
241 39.82941650 116.29445540
242 39.82941380 116.28798340
243 39.83270750 116.28651180
244 39.83292170 116.28656190
245 39.96368780 116.30132510
246 39.99570140 116.28981290
247 39.99568150 116.28960670
248 39.99126330 116.29086300
249 39.99054520 116.29176400
250 39.98814090 116.29331350
251 39.98787240 116.29334520
252 39.99603760 116.29424590
253 39.99603090 116.29506130
254 39.99620590 116.29826710
255 39.86538120 116.29668500
256 39.98620720 116.29356060
257 39.98337760 116.29065980
258 40.04746440 116.29316380
259 40.09340870 116.29211180
260 39.92293550 116.30244910
261 39.92293340 116.30167410
262 39.96098820 116.30188550
263 39.96075830 116.30194910
264 40.09344500 116.29226840
265 40.08896350 116.29554030
266 40.06943110 116.31063840
267 40.06815710 116.31164160
268 40.05961020 116.31823910
269 40.05445610 116.32242040
270 40.06099540 116.31742830
271 40.06390100 116.31519290
272 40.06918240 116.31112550
273 40.07110080 116.30966300
274 40.08839720 116.29615430
275 39.93090730 116.30379120
276 39.99144330 116.29854070
277 39.98951560 116.29856720
278 39.98953580 116.29881970
279 39.92327210 116.30430090
280 39.93111920 116.30434440
281 39.94959870 116.30384400
282 39.95566190 116.30325300
283 39.96090490 116.30237380
284 39.96117430 116.30229570
285 39.96445060 116.30169210
286 39.76238530 116.29483900
287 39.92678930 116.30386970
288 39.97476960 116.31132730
289 39.97435480 116.30010370
290 39.97435790 116.30024060
291 39.97468030 116.31135710
292 40.02780250 116.30700530
293 39.99313560 116.29836460
294 39.95806850 116.30221770
295 39.99334720 116.29836140
296 39.99076090 116.29862160
297 39.99855860 116.30588200
298 39.99856160 116.30597230
299 39.99860520 116.30892590
300 39.82934850 116.30626320
301 39.82939520 116.30218950
302 39.98498880 116.29924960
303 39.98499350 116.29948740
304 40.03538940 116.30426060
305 39.98508660 116.30546880
306 39.98510900 116.30663600
307 39.98518150 116.30999060
308 39.98447770 116.31027780
309 39.98448140 116.31002550
310 39.98438430 116.30667080
311 39.98436120 116.30605550
312 39.98429470 116.30187720
313 39.98128950 116.31039010
314 39.97759020 116.31048620
315 39.97744760 116.31048730
316 39.97484130 116.31130350
317 39.97471610 116.30675180
318 39.97459480 116.31139310
319 39.98755480 116.30435920
320 40.05026040 116.30093980
321 39.96480760 116.30110880
322 40.05017460 116.30098490
323 40.05034020 116.30089650
324 40.05018590 116.30101720
325 39.98420870 116.30313710
326 39.98418020 116.30681250
327 39.98413450 116.30526860
328 39.98412290 116.30376880
329 39.98391940 116.30394700
330 39.98396110 116.30526350
331 39.98401190 116.30686540
332 39.95563840 116.30284900
333 39.95425800 116.30300310
334 39.96176860 116.30487650
335 39.96239880 116.30652840
336 39.96330780 116.30911350
337 39.96366200 116.31006850
338 39.96473850 116.31297130
339 39.96505040 116.31380160
340 39.97896130 116.30489490
341 39.97893040 116.30346000
342 39.97889810 116.30223080
343 39.98212880 116.30882300
344 39.98289100 116.30864690
345 39.95072310 116.30355000
346 39.92399960 116.30387670
347 39.95568470 116.31112620
348 39.95551530 116.31712410
349 39.89671520 116.30400980
350 39.89803520 116.30413070
351 39.89772380 116.30398610
352 39.92295360 116.30473040
353 39.90478470 116.30413490
354 39.94999140 116.30740790
355 39.95016420 116.30885580
356 39.95036180 116.31097010
357 39.92549090 116.30387300
358 39.89655650 116.30401220
359 39.89628690 116.30401640
360 39.90248600 116.30412410
361 39.98809000 116.30523000
362 39.92687830 116.32797560
363 40.02714460 116.30715840
364 39.93730020 116.31942530
365 39.93836570 116.31087190
366 39.93800860 116.31263960
367 39.93788350 116.31378550
368 39.92249570 116.34920130
369 39.92239500 116.34685160
370 39.92214460 116.33843070
371 39.92187250 116.32850510
372 39.97912190 116.30594460
373 39.98008180 116.30739700
374 40.01767930 116.30916360
375 40.01777820 116.30906110
376 40.01942010 116.30820450
377 40.02233260 116.30788510
378 40.02495940 116.30759260
379 40.02504460 116.30757740
380 40.02784840 116.30720230
381 39.95414150 116.31114260
382 39.98805860 116.30651570
383 39.93774100 116.31940860
384 39.89773050 116.34222170
385 39.89596310 116.31573630
386 39.98876230 116.30647700
387 39.82936140 116.30792350
388 39.98883570 116.30919380
389 39.98885050 116.30976040
390 39.98525870 116.33602920
391 39.98500150 116.33059350
392 39.98435800 116.31819440
393 39.98485340 116.33090970
394 39.98506410 116.33603060
395 39.96730280 116.31430160
396 39.99284170 116.30943920
397 40.02857920 116.31147350
398 40.02832740 116.31003060
399 40.02796140 116.30776810
400 40.04996310 116.31793910
401 40.05005800 116.31806670
402 40.05207330 116.32065340
403 40.05258510 116.32131040
404 39.97949520 116.31051350
405 39.97956530 116.31050860
406 39.82962400 116.33481480
407 39.82958650 116.33386230
408 39.82942730 116.32968910
409 39.82939580 116.32273820
410 39.82937490 116.31616350
411 39.82937230 116.31303160
412 39.89571340 116.34203200
413 40.03261330 116.31026720
414 39.94738320 116.31813770
415 39.98295260 116.31013620
416 40.03477340 116.32613230
417 40.03468310 116.31731360
418 40.03518690 116.30931690
419 40.00364440 116.30896110
420 40.00098210 116.30894720
421 39.99643240 116.30902410
422 39.99643660 116.30918580
423 39.99098020 116.30955680
424 39.99089840 116.30956550
425 39.99860570 116.30907340
426 40.00186000 116.30897550
427 40.01668550 116.31011290
428 40.01151660 116.31224480
429 40.01142870 116.31225750
430 40.00362010 116.30907870
431 40.00358960 116.30920010
432 40.01141400 116.31212630
433 40.00165380 116.30907850
434 40.01707710 116.30968010
435 39.99090440 116.30983330
436 39.99098690 116.30982900
437 39.99784370 116.30909070
438 39.99951080 116.30907180
439 39.99864420 116.30999410
440 40.00938970 116.31269870
441 40.01152960 116.31237950
442 39.99123600 116.31561980
443 40.01709270 116.30978730
444 40.03331650 116.31003950
445 39.99162800 116.32838810
446 39.99158980 116.32700790
447 39.99146250 116.32275170
448 39.99144650 116.32213300
449 39.99139970 116.32031710
450 39.99134870 116.31800700
451 39.99127880 116.31659730
452 39.99080680 116.30957710
453 39.99070860 116.30958950
454 39.99081300 116.30984360
455 39.99071770 116.30985080
456 39.99116690 116.32111990
457 39.99122580 116.32336770
458 39.99123530 116.32373040
459 40.01670070 116.31022650
460 39.99152760 116.32839290
461 39.99149880 116.32701380
462 39.99130670 116.32338260
463 39.99860840 116.31278720
464 39.99855580 116.31167830
465 39.99855250 116.31160550
466 39.99854040 116.31132560
467 39.92174020 116.32850330
468 39.92162170 116.32850170
469 39.92189410 116.33845470
470 39.98296220 116.31026590
471 39.97782530 116.31048370
472 39.97717610 116.31052660
473 39.97122630 116.31280840
474 39.96581410 116.31491800
475 40.01484200 116.31173180
476 39.98508020 116.32840640
477 39.98503300 116.32725640
478 39.98503070 116.32712460
479 39.98502370 116.32698630
480 39.98501670 116.32684580
481 39.98486790 116.32356070
482 39.98485460 116.32317020
483 39.98478860 116.32107380
484 39.98462760 116.31582400
485 39.98455960 116.31396450
486 39.98452990 116.31255250
487 39.98451940 116.31205520
488 39.98279160 116.31045250
489 39.98401290 116.31207510
490 39.98402990 116.31255290
491 39.98408100 116.31398430
492 39.98409340 116.31433000
493 39.98409630 116.31663280
494 39.98418680 116.31857420
495 39.98428890 116.32109040
496 39.98435930 116.32318250
497 39.98437250 116.32357960
498 39.98450380 116.32699210
499 39.98450610 116.32712930
500 39.98451690 116.32845250
501 39.98124410 116.31056370
502 39.97783700 116.31089800
503 39.97953350 116.31070170
504 39.97723260 116.31095370
505 39.96586650 116.31519200
506 39.96713760 116.31469470
507 39.96862770 116.31405580
508 39.96980200 116.31355220
509 39.97129950 116.31294760
510 39.97474480 116.31154220
511 39.97958930 116.31231610
512 39.97964260 116.31385760
513 39.97965390 116.31418500
514 39.97972710 116.31682970
515 39.97977460 116.31875480
516 39.97969180 116.32136440
517 39.97978040 116.32723800
518 39.97978470 116.32736620
519 40.03502880 116.31732500
520 39.95026920 116.31200000
521 39.95033100 116.31324140
522 39.95045220 116.31442400
523 39.95318670 116.31115270
524 39.95183070 116.31106510
525 39.95236700 116.31752790
526 40.00439620 116.31231390
527 39.94519390 116.31844590
528 39.97515270 116.33181390
529 39.97516550 116.33034190
530 39.97519040 116.32766900
531 39.97519150 116.32755860
532 39.97510240 116.32247160
533 39.97501050 116.31900610
534 39.94803110 116.31232320
535 40.00226210 116.31249460
536 40.00474800 116.31782710
537 40.00469310 116.31685270
538 40.00461910 116.31554370
539 40.00454120 116.31441550
540 40.00449380 116.31372860
541 40.00444720 116.31305340
542 39.94813940 116.31352630
543 39.99942980 116.31246280
544 40.00100640 116.31251960
545 40.00111490 116.31257480
546 40.00194090 116.31248900
547 40.00207240 116.31248900
548 40.02576260 116.34477800
549 40.02599310 116.34450790
550 40.02811320 116.34288880
551 40.05395110 116.32308520
552 40.05455790 116.32259730
553 40.05739250 116.32078100
554 40.00968910 116.31618980
555 40.03917400 116.31711690
556 39.99875270 116.31572020
557 39.95115630 116.31320070
558 39.95073550 116.31322810
559 40.03172340 116.31399680
560 39.97022970 116.32777660
561 39.96653700 116.34671330
562 39.96653510 116.34638200
563 39.96652320 116.34440960
564 39.96652300 116.34435110
565 39.96651540 116.34225880
566 39.96644720 116.33318580
567 39.96642350 116.32950370
568 39.96641460 116.32810900
569 39.96641350 116.32794430
570 39.96627440 116.32306370
571 39.96618270 116.31947590
572 39.96588780 116.31534720
573 39.96577850 116.31476740
574 39.96538070 116.31489640
575 39.93439140 116.31948660
576 39.96542800 116.31508170
577 39.96548770 116.31534280
578 39.96550800 116.31548510
579 39.96575250 116.31896620
580 39.96578330 116.31963330
581 39.96596550 116.32796400
582 39.96596710 116.32814110
583 39.96600900 116.33267050
584 39.96603560 116.33537260
585 39.96611520 116.34138230
586 39.96617160 116.34455190
587 39.96620440 116.34640470
588 39.96620850 116.34671520
589 40.03174880 116.31410480
590 39.94996230 116.31451790
591 40.00662880 116.31772450
592 40.00888770 116.31638440
593 39.96252570 116.31611100
594 39.96314400 116.31592920
595 39.95403670 116.31731670
596 39.95321380 116.31742390
597 39.95023880 116.31780360
598 39.94832130 116.31801710
599 39.94812120 116.31804280
600 39.94047730 116.31913100
601 39.94050380 116.31931480
602 39.94525970 116.31861760
603 39.95024650 116.31797300
604 39.95559420 116.31727070
605 39.96287310 116.31621270
606 39.96409830 116.31586660
607 39.98791880 116.31549700
608 39.98816560 116.32090250
609 40.00513860 116.31681480
610 40.00299330 116.31699000
611 40.00300150 116.31774100
612 39.99971600 116.31995900
613 39.99971250 116.31985580
614 39.99962790 116.31842490
615 39.99961730 116.31831110
616 39.99961780 116.31818070
617 39.99672560 116.32093440
618 39.99679690 116.32226470
619 39.73045890 116.33332360
620 39.99465710 116.32024870
621 40.00909750 116.31772620
622 39.74397270 116.33315990
623 39.98321060 116.31861390
624 40.00539080 116.31679340
625 40.00575090 116.31676280
626 40.00579790 116.31776980
627 40.00543220 116.31778980
628 40.03916910 116.32029290
629 40.03918460 116.32155340
630 40.03916200 116.32401560
631 40.03915020 116.32554610
632 40.03920160 116.32709950
633 40.03922120 116.32720160
634 39.95631690 116.32911660
635 40.00089950 116.31883120
636 40.00081700 116.31879070
637 40.00074480 116.31823490
638 39.99837330 116.31824530
639 39.99754170 116.31783680
640 40.00527030 116.31779860
641 40.00586370 116.31776620
642 40.00641020 116.31773640
643 40.00656500 116.31910090
644 39.95095060 116.32993500
645 40.00486310 116.32021960
646 40.00482530 116.31943400
647 40.00479650 116.31883470
648 40.00478660 116.31862850
649 40.00476710 116.31822380
650 39.99744270 116.31927450
651 40.04782420 116.31984420
652 40.04273860 116.32436390
653 39.99989340 116.31828750
654 39.99833450 116.31930900
655 39.99833690 116.31990960
656 39.99830580 116.32204930
657 39.98338860 116.31860670
658 39.98291830 116.31862580
659 39.98234350 116.31864920
660 39.98240920 116.32120240
661 39.73630920 116.33327590
662 40.00271440 116.31865630
663 40.00159470 116.31876420
664 40.00143810 116.31877930
665 39.93821630 116.31933890
666 40.00927760 116.32027590
667 40.01072510 116.32058360
668 40.01022860 116.32007920
669 40.00905670 116.32093190
670 40.00813950 116.32116200
671 40.00771710 116.32272280
672 40.00777490 116.32421770
673 40.00796170 116.32766280
674 40.00814450 116.32937750
675 40.00816270 116.32946780
676 40.00667890 116.31933880
677 39.94026470 116.31916140
678 39.97246560 116.32767840
679 39.94030540 116.31933090
680 40.00693800 116.31987870
681 39.93771660 116.31959960
682 40.00674540 116.32125860
683 39.93737790 116.31942360
684 39.93728400 116.31961860
685 39.93903240 116.34578540
686 39.93717000 116.33374540
687 39.93714960 116.33340450
688 39.93708030 116.33126530
689 39.93739790 116.32373570
690 39.93759470 116.32127400
691 39.93763600 116.32078010
692 39.96642550 116.34671500
693 39.93672090 116.32695390
694 39.93671030 116.33141270
695 39.93673280 116.33213980
696 39.93677620 116.33323380
697 39.93805470 116.34222700
698 39.93822810 116.34301570
699 39.96591810 116.32139090
700 39.96628030 116.34378100
701 39.96631600 116.34671960
702 39.92590660 116.33778040
703 39.92550140 116.33294040
704 39.92545550 116.32812730
705 40.00731210 116.31984470
706 40.00797800 116.32032570
707 40.00801970 116.32116760
708 39.99971140 116.32040720
709 40.00735350 116.32121520
710 40.05432860 116.32210080
711 40.05410780 116.32226380
712 39.92175660 116.33846870
713 39.98158670 116.32002340
714 39.98082920 116.32129660
715 39.99971310 116.32023870
716 39.98162680 116.32124910
717 40.00980280 116.32035940
718 40.00951880 116.32051100
719 40.00939270 116.32057880
720 40.00488200 116.32050700
721 39.99969620 116.32190740
722 39.99977910 116.32401870
723 39.99982090 116.32460740
724 39.99985690 116.32567160
725 40.00562750 116.32133830
726 39.99108530 116.32112410
727 39.99120970 116.32522030
728 39.99122160 116.32576980
729 39.99123920 116.32651330
730 40.01075780 116.32137370
731 40.00930450 116.32055200
732 40.00549480 116.32809450
733 40.00538600 116.32527490
734 40.00534920 116.32432270
735 40.00531050 116.32336290
736 40.00526730 116.32229020
737 40.00493420 116.32139190
738 40.00956460 116.32261980
739 40.00881800 116.32129800
740 40.00868370 116.32113490
741 40.01030890 116.32217710
742 40.01082920 116.32310240
743 40.01077960 116.32190330
744 39.98325670 116.32115190
745 40.00135740 116.32171820
746 39.98971710 116.32108330
747 39.99917900 116.33093420
748 39.99755900 116.33100820
749 40.00989240 116.32258090
750 39.99235800 116.33101660
751 39.99765620 116.33111210
752 39.99796700 116.33110030
753 39.99756150 116.32213340
754 40.00106090 116.32175660
755 40.00161390 116.32169520
756 40.00198990 116.32165390
757 40.00335810 116.32150270
758 40.00410840 116.32144800
759 40.00574240 116.32133010
760 40.00626320 116.32129300
761 40.00657960 116.32127040
762 40.00659620 116.32184450
763 40.00662410 116.32280880
764 40.00666620 116.32425980
765 40.00669850 116.32578660
766 40.05337000 116.32224400
767 40.00574770 116.32174200
768 40.00336450 116.32162710
769 40.00340420 116.32240080
770 40.00345900 116.32346910
771 40.00350960 116.32445470
772 40.00204260 116.32440310
773 40.00204660 116.32451180
774 40.00109310 116.32456320
775 40.00403420 116.32236350
776 40.01008220 116.32238100
777 40.00997160 116.32257100
778 39.99603350 116.32238420
779 40.00487770 116.32229630
780 40.00419230 116.32252720
781 39.99334050 116.32265490
782 39.99609590 116.32375760
783 39.99614220 116.32477820
784 39.99618610 116.32574490
785 39.99621690 116.32631330
786 39.99622250 116.32651100
787 39.99622930 116.32663970
788 39.99623770 116.32679880
789 39.99629650 116.32828510
790 39.99633260 116.32906580
791 40.01011400 116.32276790
792 40.05310620 116.32345690
793 39.99125840 116.32461050
794 40.00996550 116.32404550
795 40.00962770 116.32406950
796 39.74509860 116.33220360
797 40.05589830 116.32564670
798 40.05695680 116.32923580
799 40.05724710 116.33087940
800 40.05783930 116.33422150
801 39.98444690 116.32318200
802 39.76720120 116.33602370
803 39.77443220 116.33583120
804 39.99138980 116.32641380
805 39.99139320 116.32650860
806 39.99139580 116.32663400
807 40.03828500 116.33478640
808 40.04251750 116.33162400
809 40.04670830 116.32847120
810 40.05023930 116.32571830
811 39.99127370 116.32519260
812 39.99128890 116.32576850
813 40.00872660 116.32414840
814 40.00467000 116.32437060
815 40.00421300 116.32440370
816 40.00232180 116.32449690
817 40.00152790 116.32454820
818 40.00130080 116.32455200
819 40.00353520 116.32516690
820 40.00234190 116.32522110
821 40.00235160 116.32556880
822 40.00238280 116.32669400
823 40.00242380 116.32817110
824 40.00132800 116.32559710
825 40.00135720 116.32674410
826 40.00136630 116.32709920
827 40.00158570 116.32673290
828 40.00313920 116.32518490
829 40.00314690 116.32551520
830 40.00573110 116.32526190
831 40.00609890 116.32581250
832 39.99390880 116.32654420
833 39.99381500 116.32643340
834 40.00010230 116.32566550
835 39.99163260 116.32650130
836 39.99163700 116.32662480
837 39.99164050 116.32677190
838 39.99164420 116.32691450
839 39.99925910 116.32619400
840 39.99926150 116.32669190
841 39.99981240 116.32718420
842 39.99505700 116.32648650
843 39.98671370 116.32676650
844 39.99446920 116.32650810
845 39.99505930 116.32675080
846 39.99448040 116.32679470
847 39.99400510 116.32666990
848 39.99410850 116.32679440
849 39.99493070 116.32787130
850 39.99139850 116.32678790
851 39.99140220 116.32693040
852 39.99140400 116.32701990
853 39.99426160 116.32679570
854 39.98494670 116.32713090
855 39.99286970 116.32671060
856 39.99344480 116.32669000
857 39.99354240 116.32680560
858 39.98672720 116.32715280
859 39.99270450 116.32684610
860 39.91273000 116.32841700
861 39.97272290 116.32766710
862 39.96931550 116.32781680
863 39.99149400 116.33075170
864 40.00014530 116.32716540
865 39.96932960 116.32798960
866 39.98458970 116.32712520
867 40.00231720 116.32817530
868 39.92684640 116.33776830
869 39.92681140 116.33292830
870 39.89884140 116.34222950
871 39.96054660 116.32872140
872 39.99887970 116.32912440
873 40.00009370 116.32913260
874 39.99155020 116.32955180
875 39.98529580 116.33327780
876 39.98546440 116.33808840
877 39.98523290 116.33162290
878 39.91253450 116.34691840
879 39.91706850 116.33889160
880 39.98477730 116.33416310
881 39.98476590 116.33167310
882 39.99653490 116.32928290
883 39.95659100 116.36478910
884 39.95656850 116.35516670
885 39.95664270 116.34903030
886 39.95674650 116.34835740
887 39.99770940 116.32921020
888 39.99910010 116.32911570
889 39.99157900 116.33068050
890 39.97528810 116.33718310
891 39.97525530 116.33356380
892 39.87238970 116.34270770
893 39.99252580 116.35889970
894 39.99215760 116.34706410
895 39.99198030 116.34682660
896 39.99188850 116.34683090
897 39.99189300 116.34707110
898 40.02490110 116.34465880
899 39.99791460 116.33132210
900 39.99914900 116.33202150
901 40.01372760 116.33921660
902 39.96943930 116.33276240
903 39.97499210 116.33183540
904 39.97509160 116.33197790
905 39.97506110 116.33690920
906 39.97506280 116.33716160
907 39.97508590 116.33927090
908 39.97508670 116.33945360
909 39.97508810 116.33953940
910 39.97513010 116.34215180
911 39.97513490 116.34651950
912 39.97513560 116.34719920
913 39.97523080 116.34768460
914 39.97523290 116.34724670
915 39.97521480 116.34423240
916 39.99923200 116.33206440
917 39.99936380 116.33213240
918 39.99945160 116.33217190
919 40.00630910 116.33555120
920 39.99918030 116.33365560
921 39.99926830 116.33725650
922 39.99954000 116.34643030
923 39.99954200 116.34663660
924 39.99986520 116.35851480
925 39.99963580 116.34642550
926 39.99963640 116.34662850
927 39.99976170 116.34661780
928 39.99975750 116.34641920
929 39.99985040 116.34661010
930 39.99985110 116.34641470
931 39.98023460 116.33302420
932 39.98023860 116.33306290
933 39.97975550 116.33314270
934 39.98168020 116.33458320
935 39.97533850 116.33334100
936 39.97533840 116.33352370
937 39.97533780 116.33356830
938 39.97529670 116.33356500
939 39.90584160 116.34647970
940 39.90589630 116.35002420
941 39.90589820 116.34989620
942 39.90590610 116.34937100
943 39.90594990 116.34647970
944 39.97489170 116.33370670
945 39.97492320 116.33366500
946 39.97492250 116.33368580
947 39.97492190 116.33370310
948 39.97473220 116.33372590
949 39.97470110 116.33372950
950 39.98060080 116.33469520
951 39.98493940 116.33773940
952 39.98552520 116.33891100
953 39.97727370 116.33531090
954 39.97771960 116.33511760
955 39.97793730 116.33505920
956 39.97972170 116.33481410
957 39.98482400 116.33785270
958 39.98496650 116.33815060
959 40.02800200 116.34241370
960 40.02570230 116.34406030
961 40.02562130 116.34412080
962 39.98179780 116.33802660
963 39.97995390 116.34191200
964 40.03688540 116.33583200
965 39.97676720 116.33921480
966 39.97652900 116.33934300
967 39.97986730 116.33812860
968 39.97988450 116.33888060
969 39.98762510 116.34689730
970 40.03197300 116.33938110
971 40.03137930 116.33994440
972 39.82078730 116.33879760
973 39.81001950 116.33893980
974 39.77520890 116.33597750
975 40.03142810 116.34009000
976 39.80988510 116.33915110
977 39.82076180 116.33898680
978 39.98519960 116.33863520
979 39.98535980 116.33861910
980 39.89821580 116.34214310
981 39.99520660 116.34665240
982 39.94312180 116.34391900
983 39.93119920 116.34991590
984 39.98502380 116.33901340
985 39.98510850 116.34158990
986 39.98513470 116.34258950
987 39.98518500 116.34451280
988 39.98520950 116.34507230
989 39.92678810 116.34326940
990 39.92682050 116.34722620
991 39.92683210 116.34963330
992 39.93091250 116.33785470
993 39.93084240 116.34943270
994 39.97797200 116.33884260
995 39.82478020 116.33940680
996 39.98568240 116.34510590
997 39.98565160 116.34418130
998 39.98560480 116.34231540
999 39.98559390 116.34180160
1000 39.98557490 116.34062710
1001 39.98555060 116.33981730
1002 39.98553800 116.33927100
1003 39.98551240 116.34444650
1004 39.98544100 116.34173780
1005 39.98526110 116.34177640
1006 39.98535260 116.34447640
1007 39.82148810 116.33892290
1008 39.91706850 116.34022760
1009 39.91706850 116.34313980
1010 39.91706390 116.34474180
1011 39.91704350 116.34724470
1012 39.82147240 116.33909730
1013 39.82509970 116.33968720
1014 39.97687820 116.33930950
1015 40.01990210 116.34170690
1016 40.01390350 116.34581330
1017 40.01390260 116.34607770
1018 39.97652740 116.33925180
1019 39.97653030 116.33942350
1020 40.02642620 116.34372920
1021 39.89957890 116.34308780
1022 39.87436710 116.34294910
1023 39.87171890 116.34262690
1024 40.02651170 116.34388960
1025 39.90980230 116.34652410
1026 39.91090560 116.34656530
1027 39.89690780 116.34487180
1028 39.89048030 116.34249710
1029 39.88551500 116.34261140
1030 40.02821010 116.34329920
1031 39.88703570 116.34261430
1032 39.88918750 116.34258450
1033 39.89208570 116.34249180
1034 39.89132160 116.34247590
1035 39.89298590 116.34245820
1036 39.89928920 116.34279600
1037 39.97195680 116.34669270
1038 39.89699690 116.34668870
1039 39.89440900 116.34239090
1040 39.88818830 116.34264160
1041 39.88529590 116.34261080
1042 39.86696860 116.35123490
1043 39.89988180 116.34654680
1044 39.88190120 116.34390490
1045 39.96250050 116.34698110
1046 39.93828830 116.34332560
1047 39.90812300 116.34650380
1048 39.91516310 116.34736220
1049 39.93112290 116.34942400
1050 39.93859480 116.34599190
1051 39.87630520 116.34427230
1052 39.90474950 116.35033790
1053 40.02567570 116.34430270
1054 40.02571700 116.34453010
1055 39.87750430 116.34413650
1056 39.87910410 116.34395540
1057 39.88245640 116.34392370
1058 39.88307870 116.34391410
1059 39.88434920 116.34392010
1060 40.02497230 116.34460560
1061 39.98583110 116.34672740
1062 39.86811800 116.34517870
1063 39.87064470 116.34477810
1064 39.87177990 116.34464990
1065 39.87313110 116.34454330
1066 39.87415620 116.34446240
1067 40.02501970 116.34480550
1068 40.02125250 116.34485810
1069 39.98569100 116.35084260
1070 39.98554210 116.35084680
1071 39.98516240 116.34678350
1072 40.02507200 116.34502650
1073 40.02235960 116.34471190
1074 40.02088390 116.34586580
1075 40.02318880 116.34883660
1076 40.02511970 116.34524810
1077 40.02450780 116.34519790
1078 40.00657390 116.34609030
1079 40.00647650 116.34608790
1080 40.00635170 116.34608480
1081 40.00627910 116.34608300
1082 40.02447670 116.34548460
1083 39.98526600 116.34716510
1084 39.98528040 116.34741440
1085 39.98538870 116.34993940
1086 39.98581750 116.34956880
1087 39.98576290 116.34738190
1088 39.98576000 116.34714870
1089 39.86825120 116.34794610
1090 40.02052560 116.35009540
1091 40.02138540 116.35043700
1092 40.02238980 116.35028200
1093 40.02401750 116.34646980
1094 40.02503410 116.34531350
1095 40.00628330 116.34633290
1096 40.00635380 116.34632830
1097 40.00648410 116.34632590
1098 40.00657390 116.34632830
1099 40.00012810 116.36350590
1100 40.02141610 116.34820620
1101 39.98774650 116.34688820
1102 39.98603070 116.34696720
1103 40.00691470 116.35247640
1104 40.00680090 116.35254230
1105 39.99777850 116.34652060
1106 39.97451350 116.34685690
1107 39.93632470 116.34920830
1108 39.98701960 116.34731750
1109 39.99066100 116.34713880
1110 39.99198950 116.34706850
1111 39.99208160 116.34706610
1112 39.99665850 116.34680360
1113 39.96730380 116.34711710
1114 39.90029470 116.35066060
1115 39.97286640 116.34668040
1116 39.97066290 116.34677040
1117 39.97185480 116.34688950
1118 39.96620850 116.34904160
1119 39.96643440 116.34903790
1120 39.96654690 116.34905150
1121 39.96631740 116.34904490
1122 39.96425700 116.34703650
1123 39.96518480 116.34725060
1124 39.97033150 116.34694870
1125 39.98505370 116.34704100
1126 39.98605440 116.34752060
1127 39.97353570 116.34681670
1128 39.97632400 116.34776420
1129 39.98817200 116.34700890
1130 39.96893590 116.34704460
1131 39.96391590 116.34692100
1132 39.95911960 116.34718390
1133 39.95840900 116.34734800
1134 39.96867800 116.34705510
1135 39.96717320 116.34725940
1136 39.96536450 116.34739250
1137 39.96389980 116.34708390
1138 39.98507160 116.34759810
1139 39.98404140 116.34722610
1140 39.99242180 116.35890630
1141 39.92536770 116.34968410
1142 39.95984270 116.34728240
1143 39.95853480 116.34750760
1144 39.97481810 116.34816060
1145 39.98383180 116.34724100
1146 39.97867840 116.34766090
1147 39.97795010 116.34766070
1148 39.98400500 116.34745280
1149 39.97566160 116.34810740
1150 39.97633110 116.34788920
1151 39.98078970 116.34765420
1152 39.98328200 116.34747010
1153 39.95476050 116.34882670
1154 39.98590940 116.34779670
1155 40.07088550 116.35361510
1156 39.97523920 116.34812290
1157 39.98012030 116.34785240
1158 39.98048290 116.34783260
1159 39.98522340 116.34783650
1160 39.97534600 116.36359460
1161 39.97532350 116.35947900
1162 39.97515350 116.34812610
1163 39.97524020 116.35947910
1164 39.97527780 116.36359630
1165 39.97527960 116.36375030
1166 39.97534930 116.37319020
1167 39.97535980 116.37489130
1168 39.98582300 116.34978800
1169 39.98540520 116.35051620
1170 39.98048290 116.35948170
1171 39.97376450 116.34802300
1172 39.95853150 116.34882410
1173 39.95977090 116.34880910
1174 39.96349860 116.34860190
1175 39.96581110 116.34846590
1176 39.96704350 116.34840720
1177 39.96759680 116.34838090
1178 39.97282190 116.34808960
1179 39.97355390 116.34821670
1180 39.97476400 116.34816460
1181 39.97439830 116.34817650
1182 39.96736140 116.34852860
1183 39.96557080 116.34861110
1184 39.96693610 116.34961820
1185 39.96399060 116.34873530
1186 39.95902970 116.34894120
1187 39.96357410 116.34876700
1188 39.89844580 116.37799640
1189 39.89839680 116.37940170
1190 39.89863760 116.38339880
1191 39.89871130 116.38564430
1192 39.95444680 116.34884020
1193 39.96399850 116.36411880
1194 39.95305460 116.34895250
1195 39.95093810 116.34912590
1196 39.95479030 116.34895370
1197 39.95095070 116.34923750
1198 39.95310500 116.34907230
1199 39.95429810 116.34899370
1200 39.92424530 116.34970940
1201 39.95485670 116.34912980
1202 39.94378150 116.35032200
1203 39.95060290 116.34954820
1204 39.95247770 116.34926240
1205 39.96620850 116.34973690
1206 39.96620740 116.35065520
1207 39.96621110 116.35151900
1208 39.96619820 116.35465320
1209 39.96618680 116.35848420
1210 39.96621300 116.36072870
1211 39.96626390 116.36388210
1212 39.96626650 116.36404280
1213 39.96655990 116.37265090
1214 39.96650660 116.36053580
1215 39.96646500 116.35574480
1216 39.96645360 116.35469730
1217 39.96630430 116.35381930
1218 39.96631850 116.35713650
1219 39.96638710 116.36054270
1220 39.96701270 116.37571850
1221 39.96696000 116.37257630
1222 39.96692440 116.37140440
1223 39.96690550 116.37032760
1224 39.96683300 116.36757780
1225 39.96680540 116.36709420
1226 39.96673360 116.36400460
1227 39.96673040 116.36385670
1228 39.96664220 116.35938600
1229 39.96660270 116.35667400
1230 39.96656140 116.35154690
1231 39.96655530 116.35057290
1232 39.96654920 116.34961960
1233 39.95135710 116.36529310
1234 39.93381250 116.34932380
1235 39.94316480 116.35213810
1236 39.94032370 116.34917390
1237 39.94885270 116.34981060
1238 39.93789360 116.34930400
1239 39.94346630 116.34999750
1240 39.93659240 116.34936600
1241 39.88798580 116.36811450
1242 39.94886650 116.34993780
1243 39.88785100 116.36812300
1244 39.93447890 116.34946120
1245 39.93386400 116.34949950
1246 39.94033500 116.34938680
1247 39.94344160 116.35013700
1248 39.92338740 116.34995730
1249 39.93790420 116.34948950
1250 39.93135790 116.34991190
1251 39.92836170 116.34955700
1252 39.90709280 116.35024430
1253 39.92120890 116.35003310
1254 39.93062180 116.34994040
1255 39.93533840 116.34958510
1256 39.93625780 116.34956310
1257 39.92773980 116.34974430
1258 39.98682100 116.36972410
1259 39.98621390 116.36318280
1260 39.98613330 116.35919050
1261 39.98612880 116.35896920
1262 39.98591820 116.35211530
1263 39.98590490 116.35186520
1264 39.93351250 116.34964320
1265 39.93839520 116.34967000
1266 39.93884460 116.34965480
1267 39.93945990 116.34962790
1268 39.93982660 116.34970300
1269 39.94013050 116.34973830
1270 39.94125050 116.34992680
1271 39.94155360 116.35006750
1272 39.94299440 116.35277480
1273 39.93793380 116.34976680
1274 39.93669990 116.34984320
1275 39.93758050 116.34982180
1276 39.93645050 116.34977860
1277 39.92228020 116.35001710
1278 39.98900750 116.37182420
1279 39.99173720 116.37055910
1280 39.99272940 116.36987740
1281 39.99518350 116.36788460
1282 40.00014480 116.36410440
1283 40.01043840 116.35675970
1284 40.01195140 116.35579060
1285 40.01919360 116.34986730
1286 39.94792800 116.34997880
1287 39.93290900 116.34986280
1288 39.93322740 116.34985270
1289 39.93458380 116.34976630
1290 39.94399530 116.35000010
1291 39.92519800 116.35002520
1292 39.92776840 116.34989860
1293 39.92877810 116.35001470
1294 39.93132700 116.36682140
1295 39.93118240 116.36682820
1296 39.90709590 116.35035250
1297 39.92401610 116.35024060
1298 39.92491920 116.35020480
1299 39.92966760 116.34996370
1300 39.94405030 116.35020140
1301 39.94768520 116.35014580
1302 39.98544290 116.35195330
1303 39.98562310 116.35899030
1304 39.98563320 116.35925040
1305 39.98573530 116.36321850
1306 39.98573660 116.36337300
1307 39.98582700 116.36741030
1308 39.98584690 116.36994970
1309 39.91840640 116.35015570
1310 39.90589770 116.35068220
1311 39.94363480 116.35024210
1312 39.90282080 116.35041010
1313 39.91841590 116.35027880
1314 39.90583040 116.35029470
1315 39.91271380 116.35746730
1316 39.92236370 116.35100380
1317 39.91460040 116.35040390
1318 40.02176280 116.36804080
1319 39.90207220 116.35043940
1320 39.90583500 116.35039320
1321 39.90918230 116.35045390
1322 39.91143390 116.35060530
1323 39.90159620 116.35060580
1324 39.90283320 116.35052360
1325 39.90474450 116.35042840
1326 39.92240360 116.35402950
1327 39.90589730 116.35075560
1328 39.90586960 116.36778210
1329 39.90588970 116.36565300
1330 39.90588970 116.36383220
1331 39.90588970 116.36222080
1332 39.90589250 116.36151200
1333 39.90589880 116.35988510
1334 39.90591510 116.35715960
1335 39.90591580 116.35701030
1336 39.90591770 116.35307770
1337 39.90590610 116.35140360
1338 40.02121960 116.38371970
1339 40.02116700 116.38527720
1340 40.02132790 116.38527790
1341 40.02133490 116.38453390
1342 40.02144530 116.37306010
1343 40.02169980 116.35271710
1344 39.98597100 116.35985310
1345 39.98592490 116.35831970
1346 39.98575260 116.35254930
1347 39.98558960 116.35250210
1348 39.98575970 116.35843390
1349 39.98580740 116.35985850
1350 39.86702970 116.35259160
1351 39.86723990 116.35467110
1352 39.86751680 116.35638590
1353 39.99430760 116.35878700
1354 39.94515120 116.35922960
1355 39.94448320 116.35700830
1356 39.94371240 116.35469890
1357 39.94389700 116.35536210
1358 39.93914230 116.35786170
1359 39.93919130 116.36224770
1360 39.93919410 116.36242810
1361 39.93921890 116.36402160
1362 39.93925800 116.36653930
1363 40.00702410 116.35301970
1364 40.00690590 116.35307800
1365 40.00003450 116.35904890
1366 39.94340610 116.35406900
1367 40.00727630 116.35423240
1368 40.00707780 116.35327630
1369 40.07319840 116.35777210
1370 40.07196090 116.35554410
1371 39.94960440 116.36543130
1372 40.00825580 116.36065460
1373 40.00789030 116.35716360
1374 39.94518050 116.35965810
1375 39.94633440 116.36247790
1376 39.94698710 116.36568410
1377 39.94700960 116.36589850
1378 39.86800860 116.35969920
1379 39.89912990 116.38560100
1380 39.89862040 116.36820580
1381 39.94523650 116.36612570
1382 39.88188020 116.36811100
1383 39.87710840 116.36809940
1384 39.86956720 116.36801160
1385 40.00825890 116.36171900
1386 40.00003180 116.35874200
1387 39.99858340 116.35857880
1388 39.99830720 116.35859260
1389 39.99566280 116.35872460
1390 39.99484640 116.35875980
1391 39.92150420 116.36726780
1392 39.92083360 116.36729590
1393 39.91729100 116.36741890
1394 39.91794910 116.36740280
1395 39.92257350 116.36723570
1396 40.00003490 116.35897170
1397 40.00003370 116.35918900
1398 40.00004070 116.35966550
1399 39.94693340 116.36380950
1400 40.00030520 116.36986360
1401 40.00043120 116.37432030
1402 40.00059900 116.38050980
1403 40.00061430 116.38073890
1404 39.86840350 116.36265420
1405 39.86849860 116.36382850
1406 39.92427500 116.36715520
1407 39.98613100 116.36547310
1408 39.98596830 116.36546520
1409 39.92499200 116.36712910
1410 39.96051610 116.36443770
1411 39.91941150 116.36734580
1412 39.96669450 116.36742100
1413 39.96639340 116.36103950
1414 39.96655890 116.36743470
1415 40.00864820 116.38021720
1416 40.00859300 116.36883000
1417 40.00825660 116.36324160
1418 39.92640910 116.36705410
1419 39.91025990 116.36768310
1420 39.92713270 116.36701990
1421 39.96874550 116.37464510
1422 39.96962790 116.37478190
1423 39.94284600 116.36619860
1424 39.92785720 116.36698560
1425 39.94745010 116.36581990
1426 39.94743470 116.36562710
1427 39.92852130 116.36695420
1428 39.89029430 116.36813060
1429 39.92921990 116.36691700
1430 39.95337590 116.36512190
1431 39.92990330 116.36688880
1432 39.93065920 116.36685300
1433 39.93345060 116.36674730
1434 39.93697740 116.36667550
1435 39.89758430 116.36812670
1436 39.94673290 116.36394470
1437 39.89660270 116.36815830
1438 39.99850170 116.36513650
1439 39.91384530 116.36760200
1440 39.91309780 116.36591880
1441 39.91337890 116.36763150
1442 39.97481920 116.36361990
1443 39.97442190 116.36366290
1444 39.97375520 116.37476260
1445 39.95410610 116.36504730
1446 39.94787570 116.36558180
1447 39.95109780 116.37325690
1448 39.91581710 116.36747180
1449 39.91655730 116.36745270
1450 39.94092420 116.36630960
1451 39.94025490 116.36640200
1452 39.90875460 116.36772010
1453 39.94158000 116.36623970
1454 39.93427970 116.36673620
1455 39.97625550 116.37510590
1456 39.97974550 116.37418770
1457 39.98143270 116.37370510
1458 39.98220760 116.37349660
1459 39.98393440 116.37296340
1460 39.98810670 116.37176140
1461 39.99001490 116.37121560
1462 39.99113260 116.37076040
1463 39.98597310 116.36605730
1464 39.98598030 116.36663590
1465 39.98608310 116.37030570
1466 39.98614100 116.37148190
1467 39.98631750 116.37147700
1468 39.98615540 116.36635930
1469 39.90756980 116.36776990
1470 39.94774970 116.36559250
1471 39.94757840 116.36561190
1472 39.94658880 116.36589240
1473 39.89526620 116.36813550
1474 39.94618490 116.36603040
1475 39.94572170 116.36607690
1476 39.94489530 116.36615460
1477 39.94434920 116.36616640
1478 39.94190460 116.36621940
1479 39.94006610 116.36642790
1480 39.93833930 116.36664920
1481 39.93766470 116.36664630
1482 39.93662930 116.36668220
1483 39.93617900 116.36669090
1484 39.93504350 116.36671420
1485 39.93446440 116.36673090
1486 39.93258890 116.36678500
1487 39.91234070 116.36759880
1488 39.91153350 116.36764120
1489 39.98592630 116.36876940
1490 39.88526280 116.36811920
1491 39.92609950 116.36706880
1492 39.92476930 116.36713720
1493 39.96671140 116.36810820
1494 39.92107010 116.36728190
1495 39.92008060 116.36731290
1496 39.91506540 116.36752620
1497 39.89124870 116.36814870
1498 39.96748070 116.39836330
1499 39.96746710 116.39783550
1500 39.96736740 116.39394350
1501 39.96733480 116.39288120
1502 39.96724580 116.38973960
1503 39.96717710 116.38705860
1504 39.96712620 116.38541390
1505 39.96702040 116.38238980
1506 39.96699810 116.38025230
1507 39.96688440 116.37543570
1508 39.96682400 116.37287810
1509 39.96674300 116.36944490
1510 39.96668690 116.37293400
1511 39.96674470 116.37541820
1512 39.96683500 116.37929950
1513 39.96691120 116.38244080
1514 39.96702820 116.38605150
1515 39.96705530 116.38720490
1516 39.96711370 116.38968220
1517 39.96718460 116.39316020
1518 39.96733750 116.39731650
1519 39.96736620 116.39838110
1520 39.90587340 116.36796300
1521 39.90756380 116.36791510
1522 39.91133020 116.36777630
1523 39.90573890 116.36796890
1524 39.90262520 116.36807250
1525 39.99618250 116.37420630
1526 39.90755910 116.37012520
1527 39.90614520 116.38565560
1528 39.90597470 116.37967610
1529 39.90592600 116.37169510
1530 39.90590060 116.37008830
1531 39.90398340 116.36802730
1532 40.01945970 116.37860540
1533 39.89860470 116.37799520
1534 39.98715450 116.37264460
1535 39.98779980 116.37209830
1536 39.87033180 116.39315720
1537 39.87021110 116.39014660
1538 39.87003350 116.38467760
1539 39.86999830 116.38388500
1540 39.99301330 116.38083170
1541 39.98563470 116.37085700
1542 39.98648080 116.37144620
1543 39.98660410 116.37091550
1544 39.98599040 116.37173490
1545 39.94770080 116.37639570
1546 39.98584280 116.37136570
1547 39.96621410 116.37268900
1548 39.98652320 116.37279320
1549 39.98618590 116.37301910
1550 39.98635110 116.37300040
1551 39.98602500 116.37281840
1552 39.98703020 116.37230300
1553 39.98729150 116.37240780
1554 39.98757300 116.37244060
1555 39.98544840 116.37272940
1556 39.97174750 116.37453820
1557 39.96913820 116.37423280
1558 39.96867800 116.37417890
1559 39.96734230 116.37402540
1560 39.96663160 116.37577840
1561 39.96623350 116.37387190
1562 39.98602660 116.37296960
1563 40.06659470 116.40652720
1564 39.98584400 116.37434110
1565 39.96649630 116.37391130
1566 39.98637860 116.37453510
1567 39.98710920 116.40005580
1568 39.98706590 116.39846760
1569 39.98703150 116.39700600
1570 39.98700740 116.39615220
1571 39.98663240 116.38279560
1572 39.98658320 116.37920480
1573 39.98652940 116.37786740
1574 39.98641620 116.37663430
1575 39.98629900 116.37811930
1576 39.98639060 116.38144380
1577 39.98640720 116.38204820
1578 39.98643120 116.38291940
1579 39.98657420 116.38766410
1580 39.98677330 116.39427300
1581 39.98682920 116.39613170
1582 39.98689050 116.39845390
1583 39.98693200 116.40006840
1584 39.89734450 116.37801540
1585 39.95590730 116.37315540
1586 39.95765500 116.37319230
1587 39.95251720 116.37325220
1588 39.96030240 116.37349770
1589 39.94757200 116.37848890
1590 39.96346590 116.37388160
1591 39.96464890 116.37419020
1592 39.96624940 116.37436300
1593 39.96630440 116.37607150
1594 39.98107600 116.38164760
1595 39.98111900 116.38149800
1596 39.99645960 116.38068210
1597 39.97272090 116.37499240
1598 39.97478950 116.37518080
1599 39.98604730 116.37740800
1600 39.98622330 116.37997670
1601 39.98623030 116.38028390
1602 39.98630630 116.38362610
1603 39.98632860 116.38460270
1604 39.98638720 116.38679510
1605 39.96628240 116.37576960
1606 39.97149440 116.37500330
1607 39.96665560 116.37688170
1608 39.96667610 116.37864800
1609 39.96667900 116.37889450
1610 39.96674430 116.38191450
1611 39.96677510 116.38333900
1612 39.96685500 116.38525140
1613 39.96685290 116.38560110
1614 39.96688620 116.38678650
1615 39.94770520 116.37775400
1616 39.98714800 116.38118810
1617 39.96731570 116.38672330
1618 39.96728610 116.38558360
1619 39.96725890 116.38511930
1620 39.96725600 116.38491190
1621 39.96721950 116.38317030
1622 40.02182360 116.37748190
1623 40.02151250 116.38172440
1624 39.89740340 116.37802000
1625 39.89897720 116.38560780
1626 39.94761740 116.38556500
1627 39.94761500 116.38356550
1628 39.88503200 116.39237290
1629 40.00331450 116.38042450
1630 39.99646780 116.38096620
1631 39.98715600 116.38131310
1632 39.98681640 116.38120150
1633 39.98562350 116.38136500
1634 39.98120400 116.38823490
1635 39.98116450 116.38705900
1636 39.98109070 116.38384320
1637 39.90035470 116.38551050
1638 39.89819920 116.38339650
1639 40.02114640 116.38600820
1640 40.02134240 116.38599840
1641 39.94762690 116.38839300
1642 40.02107370 116.40174530
1643 40.02127100 116.39104120
1644 40.02109500 116.39015730
1645 40.02096550 116.39901370
1646 39.96737400 116.38999750
1647 39.98640360 116.38808260
1648 39.97583610 116.38866050
1649 39.97609360 116.38845800
1650 39.98655280 116.39062560
1651 39.98718940 116.39913770
1652 39.98718540 116.39895990
1653 39.98710360 116.39535750
1654 39.97403910 116.41142700
1655 39.94766390 116.39194900
1656 39.97546770 116.38954450
1657 39.97546750 116.39215520
1658 39.97546710 116.39544520
1659 39.97555830 116.40111540
1660 39.97564340 116.41136540
1661 39.96739830 116.39136290
1662 39.96758470 116.39836660
1663 39.96763920 116.39739470
1664 39.96761380 116.39680430
1665 39.96759240 116.39606030
1666 39.96757530 116.39570820
1667 39.96753790 116.39477600
1668 39.96745840 116.39229320
1669 39.96708830 116.39397760
1670 39.96713470 116.39560010
1671 39.96714510 116.39623530
1672 39.96715290 116.39651570
1673 39.96729920 116.39836170
1674 39.98773280 116.41783850
1675 39.98768180 116.41522800
1676 39.98759890 116.41098160
1677 39.98748410 116.40751720
1678 39.98673290 116.40244320
1679 39.98700590 116.40716510
1680 39.94772140 116.39804380
1681 39.94768620 116.39450440
1682 39.90657490 116.40044250
1683 39.90647840 116.39712820
1684 39.87069680 116.40316810
1685 39.87048400 116.39599160
1686 39.94785350 116.39941930
1687 39.94783840 116.39865460
1688 40.05671160 116.40736700
1689 39.96742430 116.40387980
1690 39.96765690 116.40387480
1691 39.96772840 116.40388070
1692 39.96751550 116.40385750
1693 40.05951280 116.40714660
1694 39.98721140 116.40024080
1695 39.98719540 116.39934750
1696 39.95784310 116.41211780
1697 39.94787620 116.40463080
1698 40.06958080 116.40628530
1699 40.07273370 116.41872050
1700 40.06328200 116.40681010
1701 39.98711500 116.40026650
1702 39.98693720 116.40027160
1703 39.98717180 116.40235040
1704 39.98699060 116.40234780
1705 39.98726880 116.40214370
1706 39.98195790 116.41095420
1707 39.98198990 116.41433520
1708 39.98202440 116.41798440
1709 39.98727740 116.40240000
1710 39.96782930 116.40446830
1711 39.96734690 116.40478650
1712 39.95587170 116.41224670
1713 39.95590220 116.41888750
1714 39.94707400 116.40196750
1715 40.02108800 116.40291670
1716 40.04631680 116.40577780
1717 39.94789990 116.40864000
1718 39.94779640 116.40531640
1719 39.98699770 116.40256560
1720 39.98717720 116.40254810
1721 39.97339330 116.45828800
1722 39.97499450 116.45577690
1723 39.98439090 116.44129270
1724 39.98654710 116.43580910
1725 39.98788750 116.43112420
1726 39.98791510 116.42811680
1727 39.98785040 116.42678630
1728 39.98727260 116.40608180
1729 39.98721670 116.40399990
1730 39.98704850 116.40405890
1731 39.98710360 116.40605380
1732 39.98763000 116.42765940
1733 39.98438860 116.44066800
1734 39.98388450 116.44180580
1735 40.01733790 116.44160940
1736 40.01818500 116.43861530
1737 40.02021050 116.43167930
1738 40.02066120 116.42854260
1739 40.02094030 116.41378900
1740 40.02097530 116.41067770
1741 40.02105660 116.40430020
1742 39.87082250 116.40785040
1743 39.98699850 116.40682750
1744 39.96760370 116.40756470
1745 39.96760730 116.40812650
1746 39.96773330 116.40876940
1747 39.96772160 116.40815440
1748 39.96771370 116.40757100
1749 39.96766360 116.40430770
1750 39.96735170 116.40491270
1751 39.96744640 116.40713200
1752 39.96747500 116.40867940
1753 39.96748730 116.40949420
1754 39.96755430 116.41172990
1755 39.96774700 116.41853430
1756 39.96827400 116.42479120
1757 39.96811950 116.41852020
1758 39.96795430 116.41171980
1759 39.96785690 116.40848340
1760 39.96784640 116.40703220
1761 39.96784080 116.40502640
1762 39.94829290 116.41909210
1763 39.94807240 116.41001040
1764 39.94802550 116.40879180
1765 39.98708570 116.41075400
1766 39.98721510 116.41780790
1767 39.96366000 116.40957290
1768 39.96368640 116.41085450
1769 39.96370560 116.41178820
1770 39.96259850 116.41184240
1771 39.96065520 116.41193770
1772 39.86986770 116.41525270
1773 39.86984000 116.41442030
1774 39.87061150 116.40944610
1775 39.87082610 116.40802390
1776 39.94797570 116.41304230
1777 39.96804060 116.41975730
1778 39.95256580 116.41247880
1779 39.97234420 116.41159500
1780 39.95273030 116.41892670
1781 39.94805420 116.41544150
1782 39.86992990 116.41623780
1783 39.86991390 116.41581700
1784 39.85687510 116.42013740
1785 39.95289600 116.41892490
1786 39.85716110 116.42419660
1787 39.85709180 116.42315780
1788 39.96296360 116.43833220
1789 39.96593270 116.43382260
1790 39.96718880 116.43186230
1791 39.96793030 116.43027270
1792 39.96808290 116.42233630
1793 39.96415720 116.43625220
1794 39.95727590 116.44671000
1795 39.90368340 116.42098240
1796 39.90367160 116.42290420
1797 39.85741550 116.42801550
1798 39.96440590 116.43655000
1799 39.96514930 116.43531410
1800 39.96579340 116.43431980
1801 39.96621230 116.43368040
1802 39.96707540 116.43236260
1803 39.96815460 116.43004280
1804 40.00037520 116.44449070
1805 39.99791580 116.44343760
1806 39.99089270 116.43899870
1807 40.00037520 116.44507000
1808 39.90721700 116.43314750
1809 39.90723450 116.43044410
1810 39.90723780 116.42992930
1811 39.90724330 116.42907910
1812 39.85764160 116.43135530
1813 39.85748080 116.42890120
1814 39.90831410 116.42944220
1815 39.90714240 116.42948500
1816 39.90839900 116.42889510
1817 39.90605480 116.42950680
1818 39.91214740 116.45534280
1819 39.85760810 116.43417870
1820 39.98900390 116.43733760
1821 40.09337050 116.48407280
1822 40.09282670 116.47660760
1823 40.09264050 116.47614780
1824 40.09120530 116.47426660
1825 39.86179640 116.44878630
1826 39.86101940 116.44784640
1827 39.85885490 116.44475310
1828 40.01911220 116.45071710
1829 39.97347520 116.45791540
1830 39.97158890 116.46073220
1831 40.00882440 116.44734030
1832 40.00083550 116.44467310
1833 40.00661450 116.44654710
1834 40.00091790 116.44524050
1835 39.95687410 116.44733160
1836 40.00692920 116.44665260
1837 40.01319520 116.44879290
1838 39.95661120 116.44775340
1839 39.95600210 116.44873080
1840 39.95576080 116.44911780
1841 40.01916240 116.45143160
1842 39.95560500 116.44935320
1843 40.01955580 116.45087800
1844 40.02051640 116.45133570
1845 40.02204460 116.45218330
1846 40.01950610 116.45156660
1847 39.95179790 116.45476370
1848 40.02626970 116.45633600
1849 39.95104210 116.45524300
1850 40.02676060 116.45706960
1851 40.02805590 116.45900530
1852 39.97309750 116.45902470
1853 40.02850770 116.45967050
1854 39.97251390 116.45995040
1855 40.02845020 116.45985290
1856 40.03936980 116.47338040
1857 40.03942540 116.47385220
1858 39.97081540 116.46191310
1859 39.96973610 116.46356100
1860 39.96959590 116.46377500
1861 39.97811480 116.47216740
1862 39.97507740 116.46884250
1863 39.96940990 116.46281980
1864 39.97043260 116.46397770
1865 39.97430570 116.46825880
1866 39.97796290 116.47228350
1867 39.96847170 116.46340250
1868 40.03975280 116.47406560
1869 39.97894350 116.47306860
1870 39.97883760 116.47325340
1871 40.10995410 116.47850980
1872 39.98388030 116.47862120
1873 39.98380140 116.47877570
1874 40.04048770 116.47419180
1875 40.04049300 116.47454810
1876 40.09307560 116.47497390
1877 40.09648160 116.47502130
1878 40.05717230 116.47598800
1879 40.04896530 116.47628270
1880 40.05183060 116.47647050
1881 40.05718890 116.47633700
1882 40.09210700 116.47498080
1883 40.09146680 116.47498530
1884 40.08339170 116.47519450
1885 40.08339190 116.47552380
1886 40.08779760 116.47533360
1887 40.07866320 116.47538210
1888 40.07132100 116.47567330
1889 40.07863140 116.47566800
1890 40.07137860 116.47588780
1891 40.05796140 116.47595490
1892 40.07107490 116.47589700
1893 40.05794470 116.47630530
1894 40.05889700 116.47626530
1895 40.06003090 116.47621770
1896 40.02177160 116.53151450
1897 40.01384500 116.51203020
1898 40.00173570 116.49833930
1899 39.98942880 116.48479420
1900 39.98636960 116.48140040
1901 39.99075940 116.48647490
1902 39.99204650 116.48790190
1903 40.00241770 116.49727980
1904 40.09341790 116.48599170
1905 40.09591760 116.51707350
1906 39.90733370 116.51759070
1907 39.90783840 116.51997730
1908 39.90810830 116.51985710
1909 39.90758550 116.51736250
1910 39.90690290 116.48896500
1911 40.01628270 116.51687850
1912 40.02162580 116.53157910
1913 40.09719650 116.51822460
1914 40.09637860 116.51966870
1915 40.06101600 116.56434350
1916 40.06187440 116.55762190
1917 40.06437710 116.54893580
1918 39.90845180 116.52892060
1919 39.90812040 116.52891730
1920 39.92153290 116.64989330
1921 39.92009370 116.63401040
1922 39.90843270 116.53002850
1923 39.90809540 116.53030450
1924 39.90805670 116.53245070
1925 39.90791530 116.54477900
1926 39.90821320 116.56413480
1927 39.90843490 116.56604130
1928 39.90870340 116.56597170
1929 39.90853300 116.56311370
1930 39.90824120 116.54462850
1931 39.90841090 116.53102920
1932 40.03346750 116.57723880
1933 40.03190350 116.55942950
1934 40.02830860 116.55093620
1935 40.02545360 116.54200140
1936 40.02407100 116.53854850
1937 40.02809680 116.55084050
1938 40.03175850 116.55960250
1939 39.92564920 116.63343070
1940 40.03307690 116.57248190
1941 40.03307070 116.57396470
1942 40.06214510 116.58254880
1943 39.90916330 116.57658110
1944 39.90886210 116.57655000
1945 40.02917350 116.59977400
1946 39.90900270 116.57815150
1947 39.90803410 116.58810920
1948 39.90796720 116.59063120
1949 39.90838810 116.58665280
1950 39.90845940 116.58417970
1951 40.06037490 116.58355530
1952 40.06954520 116.58211360
1953 40.07301980 116.58205240
1954 40.07528410 116.58251660
1955 39.90772240 116.59985760
1956 40.02759400 116.60099280
1957 40.02844950 116.60465290
1958 40.03065010 116.60487270
1959 39.90670280 116.60880000
1960 40.04081810 116.61091130
1961 40.05200600 116.61388840
1962 39.91052970 116.61847470
1963 40.04390420 116.61122030
1964 39.91423870 116.62432740
1965 39.91759600 116.63219940
1966 39.91974500 116.63435520
1967 39.92108810 116.64986630
1968 39.91708130 116.63104480
1969 40.27638040 116.63386050
1970 40.29546210 116.63811290
1971 40.29030330 116.63694180
1972 40.29756560 116.63880390
1973 40.29698950 116.63853790
1974 40.29594190 116.63824650
1975 40.31831230 116.65067390
1976 40.34972180 116.64456880
1977 40.31930880 116.65145540
1978 39.92513970 116.65089950
1979 39.92238770 116.65013010
1980 39.92114960 116.65121460
1981 39.92124210 116.65252400
1982 39.92149430 116.65342430
1983 39.92153210 116.65403760
1984 39.92187420 116.65891600
1985 39.92229740 116.66376010
1986 39.92220280 116.66385850
1987 39.92237230 116.66611960
1988 39.92267400 116.67598210
1989 39.92255790 116.68094270
1990 39.92243170 116.68647360
1991 39.92255000 116.68166670
1992 39.92232330 116.70757240
1993 39.92264100 116.71193000
1994 39.92312230 116.71491060
1995 39.92319610 116.71531930
1996 39.92564520 116.72541670
1997 39.92643930 116.72861620
1998 39.92661800 116.72933570
1999 39.93832660 116.76961350
2000 39.93917230 116.77384460
2001 39.93983720 116.77851680
2002 39.94068730 116.78420720
2003 39.95203760 116.80796280
2004 39.94071660 116.78440900
2005 39.94127550 116.78797330
2006 39.94106780 116.78695450
2007 39.94691320 116.79463500
2008 39.94495780 116.79516150
2009 39.94224690 116.79588020
2010 39.94145130 116.78991930