19 38 139 15 14 3 2 1 94 95 96 103 8 9 91 73 92 195 206 207
13 246 14 3 2 1 94 95 96 103 8 9 186 91
21 219 105 3 2 100 5 0 1 94 95 163 8 9 91 73 92 195 196 260 244 243
19 281 61 59 57 74 44 45 46 172 11 10 293 6 5 0 1 2 104 192
22 5 0 1 2 3 105 14 15 139 38 36 37 17 18 19 20 21 22 23 273 279 278
19 240 179 172 11 12 13 5 0 1 2 3 105 124 122 121 120 119 118 303
5 85 84 45 46 49
29 39 38 139 15 14 3 2 101 102 70 123 11 172 175 53 46 45 44 57 58 59 60 61 62 63 64 254 256 255
28 214 213 66 65 64 62 61 59 58 57 44 45 46 172 11 12 13 5 0 2 3 105 14 15 16 149 150 120
21 97 96 95 94 1 2 3 105 14 15 139 38 37 36 17 140 141 32 33 35 249
24 111 112 113 114 115 116 117 118 119 120 121 122 124 105 3 14 15 139 38 37 36 17 140 305
10 46 45 53 54 55 88 89 91 193 297
5 5 0 2 3 124
20 164 20 19 18 17 36 37 38 139 15 14 3 105 124 122 121 120 119 118 117
5 72 50 49 48 46
9 68 69 70 101 2 3 105 124 122
23 140 32 141 17 36 37 38 139 15 14 3 2 0 5 102 70 72 50 49 46 45 44 171
3 51 11 10
25 55 54 53 46 45 48 49 50 72 70 102 100 2 3 14 15 139 38 37 36 17 18 19 30 266
7 45 46 48 49 50 72 12
30 301 300 278 279 273 23 22 21 20 19 17 38 39 40 155 156 104 2 3 105 124 122 121 120 119 118 117 116 115 114
19 292 194 58 57 44 45 46 53 54 55 56 73 92 195 197 196 260 244 243
14 75 53 46 45 48 49 72 70 102 0 1 94 95 163
34 22 21 20 19 18 17 36 37 38 139 15 14 3 2 100 6 5 0 1 94 95 163 8 9 91 73 92 195 206 207 208 209 222 238
19 239 46 172 11 10 293 6 5 0 2 3 105 124 122 121 120 119 118 117
23 141 140 36 37 38 139 15 14 3 2 100 6 5 0 1 94 8 9 91 73 92 195 206
30 188 239 175 53 46 45 48 49 50 72 70 102 0 2 3 105 124 122 121 120 119 118 117 115 114 113 112 111 110 109
20 306 307 204 198 197 195 92 56 73 91 186 10 293 6 5 0 1 2 3 4
16 310 48 49 46 45 44 57 58 59 60 61 62 63 64 65 66
