100
0 38 207 8.38 10.48
1 246 91 9.97 11.45
2 219 243 15.42 17.32
3 281 192 19.21 21.39
4 5 278 12.55 15.12
5 240 303 17.23 19.33
6 85 49 5.25 5.76
7 39 255 9.90 12.94
8 214 120 13.07 16.33
9 97 249 12.67 15.05
10 111 305 14.23 16.88
11 46 297 17.84 18.99
12 5 124 15.78 16.27
13 164 117 10.04 12.20
14 72 46 7.88 8.28
15 68 122 11.76 12.89
16 140 171 17.14 19.71
17 51 10 15.02 15.23
18 55 266 7.37 9.99
19 45 12 8.13 8.82
20 301 114 12.60 16.33
21 292 243 5.75 7.81
22 75 163 10.73 12.28
23 22 238 15.04 18.51
24 239 117 16.04 18.34
25 141 206 11.35 13.92
26 188 109 4.20 7.49
27 306 4 15.61 17.84
28 311 179 7.69 8.70
29 310 66 14.36 15.96
30 262 161 16.19 20.77
31 61 180 7.23 9.32
32 211 238 8.11 9.01
33 168 122 15.91 17.82
34 119 280 8.50 10.50
35 214 58 15.68 16.80
36 22 178 4.58 7.45
37 163 238 5.34 6.66
38 86 51 16.14 17.08
39 252 37 9.27 10.29
40 67 123 5.68 7.87
41 167 52 16.21 18.97
42 133 187 15.26 16.45
43 178 165 14.62 16.97
44 283 56 15.47 17.42
45 304 97 15.83 17.71
46 170 223 12.91 14.94
47 24 121 18.51 20.61
48 84 300 18.19 21.81
49 186 57 4.22 5.35
50 32 184 18.48 21.29
51 16 176 11.19 13.41
52 128 284 6.47 9.46
53 60 90 8.93 10.49
54 44 260 10.04 11.53
55 220 89 13.56 14.38
56 75 293 18.14 19.05
57 137 6 18.79 20.18
58 61 119 14.14 16.78
59 200 56 17.52 18.74
60 38 216 17.22 20.82
61 168 49 14.57 15.33
62 115 4 19.75 21.23
63 68 109 10.81 13.81
64 43 45 13.47 14.83
65 60 62 13.23 13.43
66 55 82 8.65 9.37
67 197 220 6.79 7.52
68 72 132 4.53 6.25
69 289 31 7.62 11.11
70 173 285 10.56 12.40
71 286 294 5.13 8.85
72 144 150 4.65 6.30
73 55 57 15.83 16.71
74 92 233 16.08 18.07
75 83 257 4.77 6.48
76 279 123 14.30 17.27
77 220 120 10.45 13.02
78 72 122 9.57 10.54
79 282 185 5.10 5.74
80 124 62 7.64 9.80
81 252 35 6.97 8.57
82 1 163 7.92 8.34
83 108 73 12.96 16.56
84 141 61 7.78 10.88
85 62 56 8.98 10.61
86 6 244 8.58 9.81
87 290 195 15.83 17.04
88 206 250 18.09 21.98
89 81 252 7.02 8.34
90 95 81 14.54 15.87
91 202 149 17.52 20.32
92 22 116 6.98 9.40
93 40 1 13.15 13.73
94 301 95 4.32 7.36
95 31 240 5.65 8.22
96 198 52 6.53 7.95
97 92 186 8.88 9.40
98 192 304 15.27 16.23
99 167 44 7.52 10.68
